Year   Area1FH Area2FH AreaMFH
2002   446525  317026  2189264
2003   449462  318050  2195161
2004   457003  320207  2201860
2005   461198  323067  2213969
2006   471890  324502  2243188
2007   477128  326417  2257744
2008   483823  328269  2263590
2009   487857  329586  2275600
2010   605278  282352  2243485
2011   611774  286405  2257703
2012   616636  287471  2281981
2013   622029  289403  2322345
2014   625626  291727  2348887
2015   627668  293265  2379116
2016   628237  293470  2392445
2017   631206  296414  2413116

