STATIONS_ID;MESS_DATUM;QN_3;  FX;  FM;QN_4; RSK;RSKF; SDK;SHK_TAG;  NM; VPM;  PM; TMK; UPM; TXK; TNK; TGK;eor
        183;20171130;   10;   9.0;   4.3;    3;   3.1;   6;    0.000;   0;   7.9;   6.8;  999.00;    2.6;   91.79;    3.9;    1.7;   -1.2;eor
        183;20171201;   10;  11.8;   3.7;    3;   0.0;   6;    0.250;   0;   7.5;   6.6; 1008.28;    3.7;   82.83;    4.6;    2.6;    1.0;eor
        183;20171202;   10;  12.3;   6.5;    3;   0.0;   8;    3.250;   0;   6.4;   5.7; 1017.73;    2.2;   80.29;    4.8;   -1.0;   -1.7;eor
        183;20171203;   10;  16.7;  10.3;    3;   0.7;   8;    0.000;   0;   7.4;   6.5; 1010.70;    2.1;   90.92;    6.3;   -0.5;   -0.6;eor
        183;20171204;   10;  14.8;   7.7;    3;   0.2;   6;    4.617;   0;   5.2;   7.0; 1012.51;    4.9;   80.71;    5.8;    4.1;    2.3;eor
        183;20171205;   10;  20.9;  12.1;    3;   0.1;   6;    0.017;   0;   7.9;   9.0; 1014.73;    6.8;   90.50;    7.8;    4.4;    3.0;eor
        183;20171206;   10;  23.1;  15.0;    3;   2.7;   6;    0.000;   0;   7.7;   9.3; 1011.85;    7.2;   91.00;    8.0;    6.6;    6.3;eor
        183;20171207;   10;  18.7;  12.4;    3;   1.4;   6;    0.000;   0;   7.9;   7.6; 1002.17;    5.9;   82.00;    7.6;    4.1;    3.8;eor
        183;20171208;   10;  18.2;  10.2;    3;   0.0;   6;    0.083;   0;   7.5;   7.4;  992.85;    4.3;   88.21;    5.9;    2.5;    1.9;eor
        183;20171209;   10;  18.8;  11.4;    3;   3.6;   8;    0.333;   0;   6.9;   6.3;  993.73;    2.7;   85.58;    4.9;    0.8;    0.5;eor
        183;20171210;   10;  17.0;   9.9;    3;   0.0;   8;    0.167;   0;   7.7;   5.3;  986.68;    0.7;   82.17;    1.4;   -0.3;   -0.9;eor
        183;20171211;   10;  13.1;   5.6;    3;   5.1;   8;    0.000;   0;   7.9;   6.4;  979.77;    2.1;   88.92;    4.7;    0.5;    0.2;eor
        183;20171212;   10;  18.2;   8.0;    3;   2.0;   8;    0.000;   0;   7.6;   6.9;  988.56;    3.3;   89.13;    4.4;    1.2;    0.6;eor
        183;20171213;   10;  19.8;  12.1;    3;   1.3;   8;    5.000;   0;   7.0;   5.9;  996.86;    1.8;   85.33;    3.2;    0.5;   -0.5;eor
        183;20171214;   10;  20.0;  10.9;    3;   3.9;   8;    0.000;   0;   7.7;   6.8;  979.56;    2.7;   92.42;    4.4;    0.6;    0.2;eor
        183;20171215;   10;  12.7;   7.4;    3;   2.2;   6;    0.350;   0;   7.6;   6.8;  988.50;    2.6;   92.46;    3.6;    1.6;    0.8;eor
        183;20171216;   10;  11.8;   6.2;    3;   0.3;   8;    3.467;   0;   6.3;   6.0;  997.35;    3.0;   78.58;    4.4;    2.2;   -0.3;eor
        183;20171217;   10;  10.8;   3.7;    3;   0.0;   6;    1.483;-999;   7.5;   5.7; 1011.27;    1.6;   83.50;    2.8;    0.3;   -1.3;eor
        183;20171218;   10;   9.8;   6.0;    3;   0.0;   6;    3.367;-999;   6.4;   5.4; 1019.30;    0.8;   84.21;    1.9;   -0.1;   -1.2;eor
        183;20171219;   10;   9.2;   3.8;    3;   0.0;   6;    0.000;-999;   7.9;   6.9; 1023.15;    3.5;   87.83;    4.9;    0.9;    0.6;eor
        183;20171220;   10;  13.9;   5.4;    3;   3.4;   6;    0.083;   0;   8.0;   7.4; 1025.00;    3.5;   93.38;    6.0;    2.0;    1.1;eor
        183;20171221;   10;  15.8;   8.7;    3;   0.0;   6;    2.083;   0;   7.4;   8.8; 1021.07;    5.8;   94.83;    6.5;    5.3;    4.3;eor
        183;20171222;   10;  16.0;   9.6;    3;   0.3;   6;    2.467;   0;   7.3;   8.2; 1021.75;    5.5;   90.96;    6.0;    5.1;    3.8;eor
        183;20171223;   10;  29.2;  17.2;    3;   0.0;   6;    0.000;   0;   8.0;   9.3; 1011.02;    6.5;   96.33;    8.0;    4.9;    4.7;eor
        183;20171224;   10;  29.1;  17.7;    3;   0.6;   6;    0.000;   0;   7.8;  10.0; 1004.96;    7.3;   97.17;    8.0;    6.8;    6.6;eor
        183;20171225;   10;  24.0;  13.0;    3;   0.0;   6;    0.017;   0;   7.8;   9.5; 1003.68;    7.5;   90.83;    8.5;    6.5;    6.2;eor
        183;20171226;   10;  18.5;  10.4;    3;   0.0;   6;    2.200;   0;   5.6;   7.2;  992.50;    5.1;   81.63;    6.9;    3.6;    2.3;eor
        183;20171227;   10;  12.7;   7.6;    3;   0.0;   6;    0.000;   0;   7.6;   6.7;  985.59;    3.6;   84.38;    4.9;    2.1;    0.8;eor
        183;20171228;   10;  12.5;   6.6;    3;   0.4;   6;    0.000;   0;   8.0;   6.9;  985.37;    3.0;   90.33;    4.9;    1.0;   -0.2;eor
        183;20171229;   10;  15.6;   8.6;    3;   0.6;   8;    0.000;   0;   5.8;   6.5;  995.57;    2.9;   86.79;    4.1;    0.5;   -0.7;eor
        183;20171230;   10;  15.5;   9.3;    3;   2.6;   8;    0.000;   0;   7.5;   6.1;  992.57;    1.7;   87.67;    3.9;    0.6;   -0.1;eor
        183;20171231;   10;  15.2;   6.8;    3;   9.1;   6;    0.000;   0;   7.6;   8.5;  992.41;    5.2;   94.46;    9.8;    2.6;    2.0;eor
        183;20180101;   10;  20.9;   9.6;    3;   0.3;   6;    1.867;   0;   6.0;   8.2;  990.27;    6.0;   87.33;    7.7;    3.5;    2.0;eor
        183;20180102;   10;  10.4;   6.7;    3;   0.1;   6;    0.000;   0;   6.9;   7.5;  998.33;    3.6;   94.50;    5.3;    1.8;    0.6;eor
        183;20180103;   10;  21.0;   8.9;    3;   9.0;   8;    0.283;   0;   7.8;   7.6;  980.59;    3.9;   94.17;    5.4;    2.2;    1.8;eor
        183;20180104;   10;  16.5;   8.0;    3;   8.0;   6;    0.483;   0;   7.8;   7.5;  982.79;    4.4;   89.71;    5.1;    2.7;    2.3;eor
        183;20180105;   10;  18.9;   8.2;    3;   3.6;   6;    0.000;   0;   7.8;   7.8;  985.87;    4.6;   91.75;    5.5;    3.3;    2.4;eor
        183;20180106;   10;  12.5;   3.8;    3;   2.5;   6;    0.000;   0;   7.8;   7.1; 1002.17;    3.2;   92.67;    4.8;    0.2;   -1.1;eor
        183;20180107;   10;  12.1;   4.2;    3;   0.0;   0;    6.367;   0;   1.9;   4.5; 1025.32;    0.4;   71.38;    2.8;   -2.6;   -5.6;eor
        183;20180108;   10;  11.6;   3.5;    3;   0.0;   0;    7.100;   0;   2.8;   5.6; 1030.47;    1.2;   84.42;    4.6;   -3.1;   -5.8;eor
        183;20180109;   10;  20.5;   7.3;    3;   3.4;   6;    2.217;   0;   4.4;   6.0; 1019.17;    3.4;   76.88;    4.9;    0.9;   -0.3;eor
        183;20180110;   10;  14.1;   6.0;    3;   1.2;   6;    0.000;   0;   7.9;   7.0; 1009.12;    3.2;   91.08;    4.2;    2.2;    1.9;eor
        183;20180111;   10;  11.6;   3.8;    3;   1.3;   6;    0.000;   0;   7.9;   7.2; 1013.81;    3.1;   94.17;    4.0;    1.7;    1.7;eor
        183;20180112;   10;  16.3;   4.9;    3;   0.0;   6;    0.000;   0;   7.7;   6.3; 1025.60;    2.3;   86.71;    3.7;    0.6;    0.6;eor
        183;20180113;   10;  15.0;   7.8;    3;   0.0;   0;    0.000;   0;   7.8;   4.9; 1029.37;    0.3;   78.75;    0.9;   -0.9;   -0.9;eor
        183;20180114;   10;  13.5;   7.3;    3;   0.0;   0;    0.000;   0;   7.9;   4.0; 1025.72;   -1.3;   72.54;    0.1;   -2.7;   -3.1;eor
        183;20180115;   10;  19.7;  10.0;    3;   0.6;   8;    3.667;   0;   5.4;   4.7; 1007.64;   -0.5;   79.21;    1.5;   -2.3;   -3.0;eor
        183;20180116;   10;  21.8;   9.4;    3;   3.4;   8;    0.383;   0;   7.8;   6.6;  982.43;    1.8;   94.13;    3.1;    0.0;    0.0;eor
        183;20180117;   10;  13.9;   8.1;    3;   6.4;   8;    0.717;   1;   7.2;   6.2;  985.40;    1.3;   92.75;    2.7;    0.0;   -0.6;eor
        183;20180118;   10;  19.3;   7.9;    3;   2.7;   8;    0.000;   0;   7.5;   6.5;  986.88;    1.8;   93.04;    2.4;    0.7;    0.2;eor
        183;20180119;   10;   9.5;   5.0;    3;  12.5;   8;    0.167;   0;   7.4;   6.3;  997.61;    1.5;   92.54;    2.6;    0.2;    0.0;eor
        183;20180120;   10;  10.1;   5.5;    3;   0.0;   0;    0.000;   0;   7.8;   6.2;  999.68;    1.3;   92.75;    2.1;    0.7;    0.1;eor
        183;20180121;   10;  10.6;   2.9;    3;   2.5;   7;    0.633;   0;   7.3;   5.9; 1007.87;    0.9;   90.63;    3.6;   -2.0;   -6.5;eor
        183;20180122;   10;  13.8;   7.6;    3;   0.0;   7;    0.067;   0;   7.9;   5.1; 1008.13;   -0.4;   86.13;    0.7;   -1.7;   -1.9;eor
        183;20180123;   10;  14.9;   6.6;    3;   0.9;   6;    0.567;   0;   7.8;   5.7; 1013.63;    0.4;   89.46;    3.8;   -1.4;   -1.6;eor
        183;20180124;   10;  19.0;  11.4;    3;   1.5;   6;    0.483;   0;   7.8;   9.9; 1004.62;    7.9;   93.04;   10.2;    3.6;    3.3;eor
        183;20180125;   10;  14.3;   7.4;    3;   0.0;   0;    0.000;   0;   7.8;   8.7; 1005.23;    6.3;   90.88;    8.4;    3.8;    2.0;eor
        183;20180126;   10;   7.8;   3.4;    3;   0.0;   6;    0.000;   0;   8.0;   8.1; 1012.47;    4.1;   99.38;    5.8;    1.8;    0.9;eor
        183;20180127;   10;  17.2;   6.9;    3;   2.9;   8;    0.000;   0;   7.5;   7.5; 1020.63;    4.1;   92.04;    5.1;    0.8;   -0.3;eor
        183;20180128;   10;  21.5;  14.5;    3;   1.1;   6;    0.550;   0;   7.6;   8.2; 1011.13;    5.6;   90.50;    6.6;    4.2;    3.7;eor
        183;20180129;   10;  24.5;  15.1;    3;   0.3;   6;    0.000;   0;   7.4;   9.1; 1006.06;    6.5;   93.58;    8.3;    4.6;    3.7;eor
        183;20180130;   10;  24.6;  12.9;    3;   0.2;   6;    6.067;   0;   5.4;   7.1; 1012.50;    4.4;   84.63;    5.3;    2.9;    1.4;eor
        183;20180131;   10;  15.9;   8.8;    3;   4.2;   6;    0.000;   0;   7.5;   7.4;  998.24;    3.6;   92.58;    6.4;    1.7;    1.1;eor
        183;20180201;   10;  14.8;   8.8;    3;   0.0;   8;    1.833;   0;   6.0;   6.2;  990.88;    2.5;   85.42;    3.5;    1.1;    0.2;eor
        183;20180202;   10;  13.8;   6.0;    3;   0.5;   8;    0.000;   0;   7.2;   6.3;  995.51;    2.3;   86.79;    3.5;    1.0;    0.0;eor
        183;20180203;   10;   8.9;   2.7;    3;   0.5;   8;    0.000;   0;   7.8;   4.9;  999.50;   -0.9;   85.25;    2.5;   -2.2;   -2.5;eor
        183;20180204;   10;  21.6;  10.5;    3;   2.8;   8;    0.000;   0;   7.5;   5.7; 1014.89;    1.3;   84.67;    3.1;   -1.0;   -2.9;eor
        183;20180205;   10;  14.1;   7.3;    3;   0.1;   8;    1.833;   0;   7.4;   4.4; 1024.85;   -0.3;   73.88;    0.9;   -1.4;   -2.9;eor
        183;20180206;   10;   6.7;   1.7;    3;   1.8;   7;    0.000;   0;   7.5;   4.3; 1014.90;   -2.2;   82.25;   -1.1;   -3.4;   -7.3;eor
        183;20180207;   10;   5.4;   2.3;    3;   0.0;   0;    8.533;   2;   1.0;   3.5; 1013.55;   -2.9;   71.46;   -0.4;   -6.0;  -14.8;eor
        183;20180208;   10;   5.6;   3.0;    3;   0.0;   0;    5.733;   2;   3.6;   4.4; 1015.78;   -1.6;   80.38;    1.8;   -5.2;  -10.2;eor
        183;20180209;   10;   9.6;   5.1;    3;   0.0;   0;    8.150;   1;   0.7;   4.0; 1013.57;   -1.1;   70.88;    0.2;   -3.1;   -4.6;eor
        183;20180210;   10;   7.9;   4.1;    3;   0.0;   7;    0.000;   1;   6.5;   4.9; 1010.43;   -1.3;   87.96;   -0.2;   -2.4;   -3.6;eor
        183;20180211;   10;  14.9;   8.2;    3;   0.4;   8;    0.467;   1;   6.9;   5.9;  996.62;    0.7;   91.50;    1.7;   -0.5;   -0.9;eor
        183;20180212;   10;  20.8;  11.1;    3;   0.1;   8;    1.417;   0;   5.2;   6.0;  999.00;    1.3;   89.42;    2.6;   -0.2;   -1.2;eor
        183;20180213;   10;  11.9;   6.1;    3;   0.0;   7;    4.250;   0;   6.2;   5.7; 1009.35;    0.8;   88.58;    3.0;   -0.8;   -2.4;eor
        183;20180214;   10;  10.0;   4.3;    3;   0.0;   0;    8.267;   0;   4.3;   5.5; 1016.41;    0.2;   88.96;    3.7;   -1.8;   -3.3;eor
        183;20180215;   10;  16.6;   8.7;    3;   0.3;   8;    3.583;   0;   7.8;   5.0; 1013.70;   -0.9;   88.33;    0.4;   -2.6;   -2.6;eor
        183;20180216;   10;  18.4;  10.1;    3;   0.0;   8;    6.883;   0;   6.1;   6.8; 1012.47;    2.7;   91.63;    4.2;   -0.3;   -0.3;eor
        183;20180217;   10;  11.5;   3.5;    3;   0.0;   6;    0.833;   0;   7.8;   6.4; 1019.25;    2.7;   85.58;    3.7;    1.2;   -1.3;eor
        183;20180218;   10;   9.5;   3.6;    3;   0.0;   0;    0.000;   0;   8.0;   5.5; 1022.19;    1.9;   79.13;    3.5;    0.6;   -0.5;eor
        183;20180219;   10;   9.9;   5.1;    3;   0.0;   0;    4.500;   0;   8.0;   5.4; 1016.61;    1.6;   77.79;    3.2;    0.1;   -0.8;eor
        183;20180220;   10;  10.0;   4.2;    3;   0.1;   8;    6.150;   0;   4.1;   5.3; 1018.62;    1.7;   77.04;    3.5;    0.5;   -2.4;eor
        183;20180221;   10;   8.5;   2.6;    3;   1.1;   8;    0.867;   0;   7.0;   5.6; 1021.81;    0.7;   87.21;    2.0;   -0.8;   -3.9;eor
        183;20180222;   10;  12.2;   4.9;    3;   0.0;   8;    3.633;   0;   7.3;   5.2; 1022.33;    0.5;   81.96;    2.8;   -1.6;   -2.7;eor
        183;20180223;   10;  13.9;   3.9;    3;   0.0;   8;    9.250;   0;   6.6;   4.1; 1023.62;   -0.7;   70.63;    0.8;   -2.8;   -4.7;eor
        183;20180224;   10;  19.7;  11.3;    3;   0.5;   8;    3.750;   0;   6.3;   3.9; 1028.00;   -1.2;   69.42;    0.5;   -3.2;   -3.9;eor
        183;20180225;   10;  19.9;  11.5;    3;   1.3;   8;    1.733;   1;   7.4;   4.2; 1028.30;   -2.5;   81.71;   -1.0;   -3.8;   -4.2;eor
        183;20180226;   10;  22.9;   8.4;    3;   7.2;   8;    1.033;   2;   6.8;   3.9; 1025.47;   -3.6;   82.71;   -1.4;   -6.2;   -6.7;eor
        183;20180227;   10;-999;-999;    3;   2.1;   8;    3.433;  10;   7.5;   3.4; 1020.57;   -4.2;   75.75;   -2.2;   -7.1;   -3.9;eor
        183;20180228;   10;-999;-999;    3;   0.1;   8;    1.517;  13;   7.2;   3.1; 1025.27;   -5.3;   74.08;   -3.3;   -7.4;   -3.2;eor
        183;20180301;   10;-999;-999;    3;   3.7;   8;    0.000;   9;   7.7;   3.9; 1017.43;   -4.2;   86.54;   -3.1;   -5.7;   -2.9;eor
        183;20180302;   10;  18.2;   4.9;    3;   0.3;   8;    0.267;  15;   7.6;   3.2; 1005.67;   -5.4;   78.21;   -3.3;   -9.2;   -2.3;eor
        183;20180303;   10;  14.5;   3.1;    3;   0.1;   8;    4.483;  12;   7.0;   3.4; 1003.75;   -4.3;   76.38;   -1.8;   -7.0;   -2.1;eor
        183;20180304;   10;  15.0;   7.7;    3;   0.0;   0;    9.167;   9;   3.2;   3.6; 1001.70;   -2.6;   70.63;   -0.4;   -4.6;   -3.2;eor
        183;20180305;   10;  15.6;   7.5;    3;   0.3;   8;    0.917;   8;   6.8;   4.6;  994.26;   -0.3;   76.38;    2.3;   -2.4;   -2.1;eor
        183;20180306;   10;  12.8;   6.3;    3;   0.1;   6;    8.000;   7;   4.2;   5.8;  991.79;    1.6;   85.08;    3.0;    0.3;   -2.1;eor
        183;20180307;   10;  14.6;   7.4;    3;   6.5;   8;    0.000;   4;   7.5;   6.3;  989.53;    0.7;   98.50;    1.4;   -0.3;   -0.3;eor
        183;20180308;   10;  12.0;   5.2;    3;   4.6;   8;    0.000;   5;   7.4;   6.4;  993.31;    0.9;   98.08;    3.0;   -0.3;    0.0;eor
        183;20180309;   10;  15.2;   7.1;    3;   0.5;   8;    0.367;   1;   7.8;   6.6;  996.50;    1.6;   96.50;    2.5;    0.5;    0.0;eor
        183;20180310;   10;  15.6;   4.2;    3;   4.6;   8;    0.000;   0;   8.0;   6.4; 1001.51;    1.3;   95.50;    2.3;    0.5;   -0.2;eor
        183;20180311;   10;   9.9;   4.8;    3;   0.1;   6;    0.033;   0;   8.0;   7.3;  995.03;    2.5;   99.67;    8.2;    1.6;    1.5;eor
        183;20180312;   10;   7.1;   3.9;    3;   9.1;   6;    0.000;   0;   7.8;   7.6;  987.13;    3.6;   96.46;    8.3;    2.2;    2.3;eor
        183;20180313;   10;  11.0;   6.4;    3;   5.6;   8;    0.000;   0;   7.9;   7.6;  991.07;    3.1;   99.58;    5.2;    1.6;    1.6;eor
        183;20180314;   10;  12.6;   4.0;    3;   0.2;   6;    0.000;   0;   7.9;   6.7; 1005.93;    1.6;   96.71;    2.1;    1.0;    0.8;eor
        183;20180315;   10;  25.2;   8.8;    3;   0.0;   8;    0.300;   0;   7.1;   5.0; 1008.81;    0.7;   77.38;    1.5;   -0.2;   -1.0;eor
        183;20180316;   10;  29.8;  18.8;    3;   0.0;   8;    0.167;   0;   7.6;   4.0; 1010.49;   -1.2;   71.00;    0.1;   -3.8;   -3.6;eor
        183;20180317;   10;  29.1;  17.7;    3;   0.0;   8;    3.433;   1;   6.5;   3.5; 1015.65;   -2.5;   68.42;   -1.5;   -4.2;   -4.2;eor
        183;20180318;   10;  21.9;   8.4;    3;   0.0;   0;    9.217;   0;   3.3;   3.6; 1017.98;   -1.4;   65.42;    0.0;   -2.7;   -3.7;eor
        183;20180319;   10;   9.6;   3.7;    3;   0.2;   8;   10.917;   0;   2.7;   3.6; 1011.82;   -1.0;   64.04;    1.7;   -3.1;   -8.8;eor
        183;20180320;   10;  13.3;   5.9;    3;   0.0;   0;    9.900;   0;   2.7;   5.1; 1011.52;    0.9;   78.29;    3.6;   -2.5;   -4.2;eor
        183;20180321;   10;  14.5;   7.5;    3;   2.3;   8;    4.567;   0;   6.5;   5.9; 1017.07;    1.3;   87.58;    4.6;   -2.8;   -5.6;eor
        183;20180322;   10;  13.3;   5.6;    3;   0.6;   8;    0.000;   1;   7.9;   6.4; 1003.88;    1.0;   97.29;    2.4;    0.0;    0.0;eor
        183;20180323;   10;   6.1;   2.2;    3;   0.0;   0;    0.000;   0;   8.0;   5.6; 1002.62;    1.3;   83.96;    2.1;    0.9;    0.6;eor
        183;20180324;   10;   7.5;   4.0;    3;   0.0;   0;    5.767;   0;   7.7;   5.8; 1001.70;    1.9;   82.25;    4.7;    0.3;   -0.6;eor
        183;20180325;   10;   7.4;   3.7;    3;   0.0;   6;    2.650;   0;   7.9;   6.4; 1003.39;    4.2;   77.71;    9.2;    0.4;   -0.7;eor
        183;20180326;   10;   8.5;   3.9;    3;   0.0;   8;    0.000;   0;   8.0;   7.1; 1007.81;    2.8;   94.38;    4.3;    1.8;    1.9;eor
        183;20180327;   10;  16.2;   3.6;    3;   3.3;   8;    0.383;   0;   7.8;   6.7; 1009.66;    1.6;   97.17;    3.0;    0.3;    0.1;eor
        183;20180328;   10;  19.9;   7.7;    3;   1.0;   8;    6.500;   0;   6.6;   5.7; 1004.20;    0.8;   88.83;    2.7;   -0.7;   -0.6;eor
        183;20180329;   10;  24.5;   7.9;    3;   1.1;   8;    0.000;   1;   7.7;   6.3;  995.18;    0.5;   99.29;    1.3;   -0.2;   -0.2;eor
        183;20180330;   10;  13.6;   3.2;    3;   0.0;   0;    7.817;   0;   7.4;   5.7; 1004.12;    1.1;   85.83;    3.6;    0.0;   -0.8;eor
        183;20180331;   10;  23.0;  11.7;    3;   7.0;   8;    0.000;   0;   7.8;   5.7;  999.63;    1.1;   86.13;    1.8;    0.3;   -0.3;eor
        183;20180401;   10;  22.2;  10.1;    3;  14.7;   8;    0.000;   0;   7.8;   6.1;  996.56;    0.6;   96.25;    1.3;    0.0;    0.0;eor
        183;20180402;   10;  12.6;   7.2;    3;   2.2;   6;   12.200;  13;   3.5;   5.6; 1002.83;    1.3;   83.71;    2.4;    0.2;   -0.9;eor
        183;20180403;   10;  12.6;   5.2;    3;   0.9;   6;    0.083;   1;   8.0;   8.5;  997.98;    5.1;   95.17;    9.7;    1.6;    0.0;eor
        183;20180404;   10;  22.6;   7.1;    3;   4.3;   6;    9.800;   0;   6.8;   9.4;  997.37;    8.8;   83.42;   13.6;    3.7;    3.9;eor
        183;20180405;   10;  19.3;   8.3;    3;   1.6;   6;    3.467;   0;   6.3;   9.5;  999.36;    7.5;   90.13;   13.1;    2.8;    1.9;eor
        183;20180406;   10;  19.2;  10.1;    3;   0.0;   0;   12.067;   0;   2.9;   6.6; 1016.29;    4.6;   78.25;    7.8;    2.4;    0.9;eor
        183;20180407;   10;  12.7;   7.1;    3;   0.0;   0;   11.567;   0;   6.3;   6.5; 1013.61;    7.2;   64.58;   12.5;    3.3;    1.9;eor
        183;20180408;   10;  13.4;   7.0;    3;   0.0;   0;   12.800;   0;   1.7;   8.7; 1006.28;   11.7;   63.33;   15.0;    8.9;    7.5;eor
        183;20180409;   10;   9.0;   2.6;    3;   0.0;   0;   11.300;   0;   2.8;   9.4; 1003.01;   13.3;   61.92;   18.0;    7.5;    5.2;eor
        183;20180410;   10;  23.7;  13.1;    3;   0.0;   0;    1.050;   0;   5.8;   7.6; 1007.68;    4.2;   91.92;    9.0;    3.0;    2.4;eor
        183;20180411;   10;  22.2;  14.6;    3;   0.0;   0;    7.933;   0;   4.1;   7.0; 1011.00;    3.8;   87.21;    5.0;    2.9;    2.6;eor
        183;20180412;   10;  21.4;  14.2;    3;   0.0;   0;    8.550;   0;   4.8;   7.7; 1007.23;    4.9;   89.63;    6.2;    3.5;    2.9;eor
        183;20180413;   10;  17.3;   9.8;    3;   1.4;   6;    6.750;   0;   5.8;   8.4; 1005.72;    5.3;   93.54;    7.8;    4.5;    4.4;eor
        183;20180414;   10;  10.8;   5.7;    3;   1.6;   6;    1.183;   0;   7.4;  10.1; 1009.61;    7.3;   98.88;   10.6;    5.2;    4.7;eor
        183;20180415;   10;  10.9;   4.8;    3;   0.1;   6;    0.633;   0;   7.0;   9.6; 1010.90;    7.3;   94.17;   10.6;    5.6;    4.6;eor
        183;20180416;   10;   9.9;   5.2;    3;   0.1;   6;    0.050;   0;   7.9;   9.1; 1009.80;    5.9;   97.63;    8.2;    4.2;    3.7;eor
        183;20180417;   10;  11.6;   6.4;    3;   0.0;   0;    8.800;   0;   5.6;   9.8; 1019.79;    8.7;   87.92;   12.7;    5.3;    5.3;eor
        183;20180418;   10;  12.5;   7.1;    3;   0.0;   0;   12.783;   0;   0.7;  11.3; 1025.81;   13.4;   74.29;   18.7;    6.9;    4.5;eor
        183;20180419;   10;   7.1;   3.1;    3;   0.0;   0;   13.717;   0;   2.3;  12.9; 1026.41;   12.5;   88.58;   15.6;    9.5;    8.2;eor
        183;20180420;   10;  20.0;   7.9;    3;   0.0;   0;   13.217;   0;   1.5;  13.2; 1016.98;   17.0;   69.54;   25.5;   11.7;   10.9;eor
        183;20180421;   10;  13.7;   6.4;    3;   0.0;   0;   13.733;   0;   0.0;   9.7; 1014.15;   11.0;   74.33;   14.5;    8.0;    6.0;eor
        183;20180422;   10;  10.4;   3.3;    3;   0.7;   6;   13.767;   0;   4.8;   9.7; 1011.09;    8.7;   85.92;   11.9;    6.8;    4.4;eor
        183;20180423;   10;  18.0;   9.9;    3;   0.0;   6;   10.083;   0;   5.3;  11.0; 1004.55;   11.8;   78.79;   16.4;    7.7;    6.5;eor
        183;20180424;   10;  21.3;  10.9;    3;   4.3;   6;    4.233;   0;   6.7;   9.6; 1004.99;   10.1;   77.54;   13.8;    7.7;    6.5;eor
        183;20180425;   10;  20.3;   7.6;    3;   5.2;   6;    4.017;   0;   6.8;  10.1;  999.43;    8.1;   92.46;   13.4;    5.7;    5.3;eor
        183;20180426;   10;  16.4;   9.6;    3;   2.5;   6;    9.600;   0;   5.1;   9.4; 1004.51;    8.7;   83.42;   12.1;    6.0;    5.6;eor
        183;20180427;   10;  13.6;   6.6;    3;   0.0;   0;    7.133;   0;   5.9;   9.1; 1008.39;    9.3;   78.08;   14.1;    5.5;    4.3;eor
        183;20180428;   10;   8.6;   3.7;    3;   0.0;   0;    9.717;   0;   5.6;   9.5; 1006.06;    9.9;   77.75;   12.5;    7.9;    6.6;eor
        183;20180429;   10;  11.7;   4.2;    3;   0.0;   0;   11.783;   0;   5.1;  10.4; 1006.89;    9.2;   89.33;   12.8;    5.9;    6.4;eor
        183;20180430;   10;  22.1;   9.5;    3;   2.2;   6;    8.850;   0;   4.3;  10.6;  997.36;    9.3;   90.29;   12.1;    7.4;    6.8;eor
        183;20180501;   10;  22.5;  11.5;    3;   0.3;   6;    6.133;-999;   4.7;   8.8; 1001.13;   10.4;   70.58;   13.9;    7.0;    5.4;eor
        183;20180502;   10;  16.2;   5.1;    3;   0.0;   6;   10.267;-999;   5.9;   8.3; 1010.33;    7.9;   78.33;   11.4;    4.6;    2.7;eor
        183;20180503;   10;  14.5;   6.4;    3;   0.0;   0;   11.700;-999;   5.0;   9.1; 1010.23;    9.4;   77.13;   13.6;    6.3;    4.8;eor
        183;20180504;   10;   7.0;   3.5;    3;   0.0;   0;   13.383;-999;   2.8;   8.7; 1020.06;    8.4;   78.54;   10.9;    5.7;    3.6;eor
        183;20180505;   10;   6.9;   3.0;    3;   0.0;   0;   14.867;-999;   1.5;   8.2; 1024.14;   10.0;   66.67;   13.5;    6.9;    3.2;eor
        183;20180506;   10;   4.0;   1.8;    3;   0.0;   0;   15.000;-999;   0.5;   8.8; 1023.43;   12.6;   60.75;   15.3;    9.1;    3.8;eor
        183;20180507;   10;   7.1;   3.5;    3;   0.0;   0;   15.033;-999;   0.1;  10.2; 1019.63;   12.7;   69.21;   16.2;    9.8;    5.1;eor
        183;20180508;   10;   9.7;   5.6;    3;   0.0;   0;   14.983;-999;   0.0;  11.6; 1013.35;   11.7;   83.96;   13.7;   10.0;    8.5;eor
        183;20180509;   10;  13.1;   6.1;    3;   0.0;   0;   14.900;-999;   1.8;  11.5; 1008.22;   11.2;   86.46;   13.3;   10.1;    8.3;eor
        183;20180510;   10;  12.0;   5.7;    3;   6.3;   6;   13.767;-999;   4.4;  13.3; 1005.24;   12.9;   89.08;   16.5;   10.2;    8.7;eor
        183;20180511;   10;  10.7;   4.7;    3;   0.0;   0;    0.217;-999;   7.7;  12.6; 1013.59;   11.5;   92.50;   13.1;    9.7;    8.4;eor
        183;20180512;   10;   6.4;   2.4;    3;   0.0;   0;    7.583;-999;   4.8;  11.8; 1014.92;   11.9;   84.17;   14.9;    9.8;    7.8;eor
        183;20180513;   10;  15.1;   6.3;    3;   0.0;   0;   13.683;-999;   3.3;  12.4; 1012.04;   12.3;   86.92;   14.8;    9.2;    9.4;eor
        183;20180514;   10;  10.8;   5.6;    3;   0.0;   0;   14.867;-999;   0.3;  12.4; 1013.07;   12.3;   86.13;   14.3;   10.5;    8.6;eor
        183;20180515;   10;   9.1;   5.0;    3;   0.0;   6;    5.917;-999;   6.5;  12.4; 1012.42;   13.0;   82.83;   16.0;   11.2;    8.6;eor
        183;20180516;   10;   8.4;   3.5;    3;   0.0;   0;    8.917;-999;   6.3;  12.3; 1008.87;   14.1;   76.63;   17.1;   11.5;    9.3;eor
        183;20180517;   10;  11.5;   5.2;    3;   0.0;   6;   13.633;-999;   4.1;  13.2; 1008.56;   13.6;   84.46;   16.9;   10.3;    9.2;eor
        183;20180518;   10;   9.3;   2.9;    3;   0.0;   0;    6.150;-999;   6.9;  13.0; 1013.47;   13.3;   85.08;   15.9;   11.0;    9.1;eor
        183;20180519;   10;   6.2;   2.2;    3;   0.0;   0;   10.467;-999;   3.6;  10.1; 1019.25;   13.8;   64.17;   17.4;   10.8;    7.5;eor
        183;20180520;   10;  11.0;   2.5;    3;   0.0;   0;   15.117;-999;   0.7;  10.3; 1022.86;   14.0;   64.54;   17.4;   10.8;    5.6;eor
        183;20180521;   10;  13.4;   5.8;    3;   0.0;   0;   12.867;-999;   4.6;  12.4; 1019.29;   13.5;   79.79;   16.2;   11.5;    8.6;eor
        183;20180522;   10;   9.2;   3.9;    3;   0.0;   0;   11.883;-999;   3.5;  13.5; 1013.66;   13.7;   85.96;   16.0;   11.7;    7.8;eor
        183;20180523;   10;   7.9;   2.4;    3;   0.0;   0;   15.633;-999;   0.5;  14.1; 1019.45;   16.0;   78.67;   19.5;   11.5;    7.3;eor
        183;20180524;   10;  14.8;   6.6;    3;   0.0;   0;   15.717;-999;   0.0;  13.4; 1022.16;   14.4;   81.46;   16.0;   12.5;   10.2;eor
        183;20180525;   10;  11.2;   7.0;    3;   0.6;   6;   15.583;-999;   3.3;  12.8; 1020.16;   13.7;   81.33;   15.0;   12.2;   10.1;eor
        183;20180526;   10;  12.5;   5.1;    3;   0.0;   0;   12.383;-999;   4.0;  15.9; 1019.38;   15.4;   90.92;   18.3;   13.4;   12.0;eor
        183;20180527;   10;  11.7;   6.6;    3;   0.0;   6;    1.833;-999;   6.8;  16.2; 1018.83;   14.3;   99.46;   15.5;   13.2;   12.5;eor
        183;20180528;   10;  12.6;   5.8;    3;   0.0;   0;   14.500;-999;   3.0;  15.6; 1017.87;   14.8;   92.50;   16.1;   13.1;   12.6;eor
        183;20180529;   10;  11.7;   5.8;    3;   0.0;   0;   15.567;-999;   0.6;  15.9; 1014.64;   17.0;   82.00;   19.1;   15.1;   12.9;eor
        183;20180530;   10;  13.6;   6.9;    3;   0.0;   0;   15.667;-999;   0.2;  16.0; 1012.64;   16.5;   85.00;   18.1;   14.5;   12.9;eor
        183;20180531;   10;  14.6;   8.3;    3;   0.0;   0;   14.850;-999;   1.5;  14.7; 1013.71;   14.9;   86.83;   16.5;   13.5;   12.8;eor
        183;20180601;   10;  13.8;   6.7;    3;   0.0;   6;   10.317;-999;   3.6;  16.1; 1011.63;   15.1;   93.46;   17.8;   13.3;   12.5;eor
        183;20180602;   10;   7.3;   3.7;    3;   0.0;   0;   15.417;-999;   0.3;  17.2; 1010.13;   17.2;   87.75;   20.1;   14.6;   12.9;eor
        183;20180603;   10;  12.7;   7.3;    3;   0.0;   0;   10.517;-999;   4.4;  17.5; 1011.09;   16.3;   94.21;   20.3;   13.0;   12.8;eor
        183;20180604;   10;  16.2;   8.9;    3;   0.0;   0;    9.217;-999;   3.5;  17.2; 1006.05;   16.9;   89.46;   19.8;   13.9;   13.7;eor
        183;20180605;   10;  13.4;   5.3;    3;   0.0;   0;   14.383;-999;   2.3;  15.5; 1008.82;   16.0;   84.75;   18.0;   13.2;   11.6;eor
        183;20180606;   10;  11.0;   4.9;    3;   0.0;   0;   16.433;-999;   0.5;  12.1; 1015.28;   15.2;   70.13;   18.6;   13.3;   11.8;eor
        183;20180607;   10;   9.2;   3.6;    3;   0.0;   0;   16.283;-999;   0.5;  13.4; 1014.20;   16.4;   72.38;   19.6;   13.9;   11.6;eor
        183;20180608;   10;   7.9;   3.8;    3;   0.0;   0;   15.200;-999;   2.2;  15.3; 1010.86;   18.5;   71.88;   22.9;   15.8;   12.6;eor
        183;20180609;   10;   8.1;   4.1;    3;   0.0;   0;   15.900;-999;   3.1;  17.0; 1009.57;   17.9;   83.04;   20.4;   15.4;   11.6;eor
        183;20180610;   10;  11.1;   3.7;    3;   0.3;   6;    8.433;-999;   6.4;  19.0; 1005.29;   18.8;   87.63;   23.0;   16.1;   14.3;eor
        183;20180611;   10;  15.4;   8.4;    3;   0.0;   0;    7.417;-999;   6.5;  14.1; 1004.37;   16.7;   74.04;   18.4;   14.6;   14.6;eor
        183;20180612;   10;  13.3;   7.0;    3;   0.0;   6;    4.933;-999;   7.5;  13.6; 1003.48;   15.4;   77.29;   17.4;   14.2;   13.6;eor
        183;20180613;   10;  13.0;   6.3;    3;   0.0;   6;    3.650;-999;   6.7;  14.1; 1005.11;   15.7;   78.79;   17.8;   14.6;   13.3;eor
        183;20180614;   10;  10.9;   4.9;    3;   0.0;   6;    6.050;-999;   6.5;  12.0; 1008.75;   16.4;   63.71;   20.7;   13.2;   12.5;eor
        183;20180615;   10;   8.9;   4.5;    3;   0.0;   0;   12.900;-999;   5.5;  13.6; 1011.61;   16.5;   72.50;   19.1;   12.8;   10.3;eor
        183;20180616;   10;  12.9;   3.7;    3;   0.0;   0;   10.450;-999;   7.2;  15.1; 1011.77;   17.3;   76.46;   20.6;   12.6;   10.3;eor
        183;20180617;   10;  15.2;   6.5;    3;   0.3;   6;    6.700;-999;   7.2;  15.0; 1009.38;   17.5;   75.13;   20.9;   14.3;   13.2;eor
        183;20180618;   10;  11.4;   4.8;    3;   2.6;   6;    7.167;-999;   7.0;  14.0; 1012.94;   17.4;   70.71;   20.5;   12.9;   11.7;eor
        183;20180619;   10;  17.4;   9.3;    3;   0.0;   6;   10.150;-999;   3.9;  15.0; 1013.35;   17.4;   75.58;   20.5;   14.6;   13.5;eor
        183;20180620;   10;  14.1;   7.1;    3;   0.1;   6;   12.300;-999;   2.8;  14.7; 1013.24;   19.3;   65.75;   25.5;   13.6;   12.8;eor
        183;20180621;   10;  21.4;   8.6;    3;  20.8;   6;    1.017;-999;   7.2;  13.0; 1004.15;   13.9;   80.50;   17.6;   10.0;    7.4;eor
        183;20180622;   10;  19.8;  10.7;    3;   0.0;   6;    9.383;-999;   6.2;  10.9; 1007.54;   14.0;   68.17;   17.7;    9.5;    7.9;eor
        183;20180623;   10;  14.5;   8.0;    3;   0.0;   0;   10.383;-999;   6.0;  11.6; 1010.55;   14.6;   69.50;   17.5;   11.8;   11.4;eor
        183;20180624;   10;  10.7;   5.0;    3;   0.0;   0;   14.950;-999;   4.0;  12.6; 1011.58;   15.1;   73.71;   17.6;   12.5;   10.9;eor
        183;20180625;   10;  11.4;   6.5;    3;   0.0;   0;    8.283;-999;   4.3;  15.7; 1013.60;   16.0;   86.42;   18.6;   12.2;   10.8;eor
        183;20180626;   10;   9.8;   3.0;    3;   0.0;   0;   10.350;-999;   5.8;  15.9; 1018.52;   17.6;   79.63;   21.8;   14.9;   12.6;eor
        183;20180627;   10;   7.8;   3.0;    3;   0.0;   0;   15.567;-999;   3.4;  15.7; 1022.65;   17.1;   80.29;   19.5;   14.6;   12.4;eor
        183;20180628;   10;   7.5;   3.8;    3;   0.0;   0;   15.450;-999;   5.0;  15.8; 1018.98;   19.1;   72.04;   23.4;   15.9;   13.5;eor
        183;20180629;   10;  14.1;   3.7;    3;   0.0;   0;   13.183;-999;   2.8;  14.9; 1013.20;   17.6;   73.58;   20.6;   14.4;   11.1;eor
        183;20180630;   10;   8.7;   2.6;    3;   0.0;   0;   14.350;-999;   2.6;  11.7; 1016.62;   17.0;   60.67;   20.4;   13.5;    9.4;eor
        183;20180701;   10;  11.2;   3.5;    3;   0.0;   0;   16.617;-999;   1.0;  11.0; 1017.80;   16.3;   59.25;   19.6;   12.1;   10.2;eor
        183;20180702;   10;  12.6;   5.4;    3;   0.0;   0;   14.883;-999;   1.8;  12.2; 1012.67;   17.4;   62.17;   21.4;   12.2;    9.8;eor
        183;20180703;   10;  12.6;   6.4;    3;   0.0;   0;   16.383;-999;   0.8;  14.7; 1010.26;   19.1;   67.63;   22.9;   15.4;   14.2;eor
        183;20180704;   10;   9.0;   5.3;    3;   0.0;   0;   16.533;-999;   0.0;  16.1; 1008.69;   18.4;   76.63;   20.6;   16.0;   14.8;eor
        183;20180705;   10;  12.2;   6.7;    3;   0.0;   6;    0.000;-999;   7.3;  15.2; 1006.05;   17.4;   76.54;   18.3;   16.4;   15.6;eor
        183;20180706;   10;  15.2;   8.4;    3;   0.0;   6;    8.683;-999;   4.3;  14.1; 1008.16;   17.7;   70.13;   21.0;   15.2;   14.1;eor
        183;20180707;   10;  14.3;   7.7;    3;   0.0;   0;    9.750;-999;   4.6;  14.1; 1011.85;   17.4;   70.50;   21.5;   14.5;   13.6;eor
        183;20180708;   10;   9.8;   3.8;    3;   0.0;   0;   14.883;-999;   2.3;  17.4; 1014.49;   19.2;   78.71;   21.7;   16.9;   15.5;eor
        183;20180709;   10;  15.1;   8.0;    3;   0.0;   0;    2.750;-999;   6.8;  13.6; 1011.27;   16.4;   72.33;   18.5;   13.8;   13.6;eor
        183;20180710;   10;  14.1;   5.4;    3;   0.1;   6;    0.317;-999;   7.9;  14.9; 1011.65;   16.4;   79.04;   18.7;   13.3;   12.7;eor
        183;20180711;   10;  14.5;   6.1;    3;   0.0;   6;    1.583;-999;   7.9;  18.7; 1010.75;   18.2;   89.54;   20.2;   17.4;   16.5;eor
        183;20180712;   10;  12.3;   5.2;    3;   0.0;   0;    7.667;-999;   6.3;  17.8; 1009.41;   18.6;   82.71;   21.4;   16.5;   14.9;eor
        183;20180713;   10;  11.7;   5.0;    3;   0.0;   0;   14.133;-999;   3.6;  18.2; 1010.76;   20.5;   75.88;   24.7;   16.6;   15.2;eor
        183;20180714;   10;  12.9;   6.8;    3;   0.0;   0;    6.750;-999;   4.0;  14.5; 1012.89;   17.0;   74.63;   19.1;   14.1;   12.6;eor
        183;20180715;   10;   8.2;   4.5;    3;   0.0;   0;   11.767;-999;   2.6;  16.2; 1012.21;   18.3;   76.96;   20.7;   16.9;   15.1;eor
        183;20180716;   10;   7.0;   2.8;    3;   0.0;   0;   15.533;-999;   2.2;  18.9; 1009.83;   20.1;   80.54;   23.6;   17.5;   16.1;eor
        183;20180717;   10;  10.4;   3.4;    3;   9.9;   6;    0.083;-999;   7.9;  18.9; 1007.65;   20.4;   79.17;   22.7;   18.1;   17.7;eor
        183;20180718;   10;  11.0;   4.2;    3;   6.7;   6;    6.800;-999;   7.2;  20.4; 1008.53;   20.0;   87.04;   22.7;   18.0;   17.8;eor
        183;20180719;   10;  13.4;   6.4;    3;   0.0;   0;   10.650;-999;   3.9;  17.0; 1010.93;   19.7;   74.63;   22.2;   17.9;   16.1;eor
        183;20180720;   10;  11.7;   4.9;    3;   0.0;   0;   15.367;-999;   1.3;  15.5; 1009.22;   19.0;   70.46;   22.0;   16.7;   15.1;eor
        183;20180721;   10;   6.5;   3.6;    3;   0.0;   0;   14.083;-999;   4.6;  15.6; 1007.92;   20.1;   67.00;   23.9;   17.1;   15.2;eor
        183;20180722;   10;   8.6;   3.7;    3;   0.0;   0;    6.933;-999;   4.7;  17.4; 1007.52;   21.2;   69.63;   25.7;   16.9;   14.5;eor
        183;20180723;   10;  10.4;   4.8;    3;   0.0;   0;   14.583;-999;   0.5;  19.2; 1010.03;   20.9;   78.00;   24.0;   17.8;   16.7;eor
        183;20180724;   10;   6.7;   3.0;    3;   0.0;   0;   12.350;-999;   2.0;  20.2; 1010.71;   22.6;   74.42;   26.8;   19.0;   17.8;eor
        183;20180725;   10;   5.9;   2.9;    3;   0.0;   0;   15.167;-999;   0.5;  20.7; 1011.30;   23.5;   72.29;   26.8;   20.0;   18.5;eor
        183;20180726;   10;   9.0;   3.1;    3;   0.0;   0;   14.983;-999;   0.4;  22.3; 1013.63;   23.4;   77.88;   26.2;   20.8;   18.9;eor
        183;20180727;   10;  16.6;   8.2;    3;   0.0;   0;   15.050;-999;   0.6;  23.5; 1013.12;   22.9;   84.13;   24.9;   21.5;   19.9;eor
        183;20180728;   10;  14.7;   3.8;    3;   0.0;   6;   12.850;-999;   3.4;  23.8; 1006.35;   22.9;   85.29;   25.7;   20.3;   19.9;eor
        183;20180729;   10;  11.0;   4.2;    3;   0.0;   6;    8.783;-999;   4.0;  18.0; 1010.12;   21.2;   71.88;   23.4;   19.1;   16.0;eor
        183;20180730;   10;   8.5;   3.5;    3;   0.1;   6;    6.133;-999;   6.5;  22.3; 1012.91;   23.3;   78.17;   27.9;   20.4;   19.5;eor
        183;20180731;   10;   8.3;   3.2;    3;   0.0;   6;   13.700;-999;   3.5;  24.0; 1012.94;   23.6;   82.04;   25.9;   21.2;   19.4;eor
        183;20180801;   10;  10.5;   4.3;    3;   0.0;   0;    9.117;-999;   4.5;  24.3; 1014.80;   23.5;   83.33;   25.4;   22.0;   20.5;eor
        183;20180802;   10;   8.6;   3.6;    3;   0.0;   0;    9.833;-999;   5.2;  18.7; 1018.00;   22.7;   68.17;   25.9;   19.6;   17.0;eor
        183;20180803;   10;   6.7;   3.3;    3;   0.0;   0;   14.667;-999;   0.6;  19.1; 1016.81;   23.4;   67.92;   27.4;   19.1;   16.9;eor
        183;20180804;   10;  11.1;   4.7;    3;   0.0;   0;   10.300;-999;   5.9;  20.5; 1012.42;   23.2;   72.42;   25.7;   20.5;   18.9;eor
        183;20180805;   10;  15.5;   7.9;    3;   0.0;   6;    4.967;-999;   6.6;  15.4; 1012.65;   20.5;   63.54;   22.6;   18.8;   18.2;eor
        183;20180806;   10;  13.1;   5.5;    3;   0.0;   0;   13.633;-999;   4.5;  15.8; 1012.32;   20.7;   64.92;   24.0;   17.9;   16.9;eor
        183;20180807;   10;  11.7;   3.9;    3;   0.0;   0;   14.033;-999;   2.5;  20.1; 1008.49;   23.8;   68.58;   28.6;   19.8;   18.6;eor
        183;20180808;   10;  19.1;   6.4;    3;   1.1;   6;    5.167;-999;   5.7;  20.6; 1005.23;   24.6;   66.79;   29.6;   21.9;   18.6;eor
        183;20180809;   10;  18.2;   4.9;    3;  12.1;   8;   12.650;-999;   3.2;  20.5; 1009.27;   22.2;   76.75;   25.2;   19.6;   19.2;eor
        183;20180810;   10;  19.9;   9.3;    3;   0.3;   6;    8.633;-999;   5.5;  16.4; 1011.41;   19.1;   74.00;   21.3;   15.5;   12.9;eor
        183;20180811;   10;  24.8;   9.7;    3;  13.4;   6;    4.400;-999;   6.4;  13.7; 1011.41;   17.3;   69.38;   20.6;   12.8;   12.4;eor
        183;20180812;   10;  17.8;   7.5;    3;   6.5;   6;    3.533;-999;   6.2;  13.8; 1010.04;   16.6;   73.33;   20.1;   14.5;   14.2;eor
        183;20180813;   10;  13.5;   4.6;    3;   0.2;   6;    0.950;-999;   7.7;  18.9; 1003.55;   19.5;   83.33;   21.9;   16.3;   15.2;eor
        183;20180814;   10;  15.2;   7.4;    3;   1.0;   6;    6.450;-999;   5.5;  18.7; 1002.46;   19.3;   83.29;   22.0;   16.7;   15.8;eor
        183;20180815;   10;  11.2;   6.3;    3;   0.0;   0;    7.133;-999;   6.3;  17.4; 1010.73;   19.2;   78.38;   21.4;   17.2;   15.6;eor
        183;20180816;   10;  11.6;   5.2;    3;   0.0;   0;   11.667;-999;   2.9;  19.3; 1011.72;   21.5;   75.79;   25.4;   17.9;   17.4;eor
        183;20180817;   10;  11.5;   4.5;    3;   2.2;   6;    9.133;-999;   4.2;  18.1; 1010.99;   20.4;   75.71;   22.9;   17.8;   16.0;eor
        183;20180818;   10;  11.5;   5.0;    3;   0.0;   6;   11.967;-999;   5.1;  14.7; 1014.95;   18.7;   69.08;   22.1;   15.8;   13.8;eor
        183;20180819;   10;  13.1;   5.9;    3;   0.3;   6;    6.717;-999;   7.4;  16.7; 1013.30;   19.6;   73.29;   22.9;   16.7;   15.4;eor
        183;20180820;   10;  15.8;   8.3;    3;   0.0;   6;    5.700;-999;   7.0;  16.7; 1009.34;   19.0;   75.50;   20.9;   16.8;   15.6;eor
        183;20180821;   10;  11.9;   4.8;    3;   0.0;   0;   11.900;-999;   2.4;  13.1; 1015.77;   16.9;   68.29;   19.8;   14.3;   12.4;eor
        183;20180822;   10;   9.5;   3.9;    3;   0.0;   0;   13.733;-999;   1.2;  15.7; 1014.48;   18.8;   72.58;   22.8;   13.8;   11.6;eor
        183;20180823;   10;   9.2;   4.4;    3;   0.0;   0;   12.733;-999;   1.0;  18.1; 1006.17;   21.4;   71.79;   25.4;   17.8;   16.2;eor
        183;20180824;   10;  21.0;   8.0;    3;   0.0;   6;    3.717;-999;   7.0;  15.8; 1001.69;   18.4;   73.83;   20.6;   14.7;   14.0;eor
        183;20180825;   10;  18.4;   6.7;    3;   7.2;   6;    4.350;-999;   6.1;  11.8; 1002.53;   14.8;   70.88;   20.0;   11.6;   10.6;eor
        183;20180826;   10;  15.5;   7.3;    3;   0.9;   6;    8.683;-999;   4.5;  12.4; 1007.42;   14.6;   75.17;   18.5;   11.5;   10.1;eor
        183;20180827;   10;  18.0;   8.6;    3;   3.2;   6;    0.183;-999;   7.7;  13.0; 1005.33;   16.2;   71.17;   18.8;   13.1;   13.1;eor
        183;20180828;   10;  13.4;   7.3;    3;   0.0;   0;    7.433;-999;   6.1;  14.8; 1012.31;   17.0;   76.46;   19.5;   14.6;   13.6;eor
        183;20180829;   10;  11.5;   3.1;    3;   0.0;   0;    7.733;-999;   5.2;  16.4; 1012.39;   18.4;   77.88;   21.3;   15.8;   15.1;eor
        183;20180830;   10;  13.6;   3.5;    3;   5.0;   6;    0.000;-999;   7.9;  17.7; 1007.37;   17.4;   88.83;   19.1;   15.4;   15.1;eor
        183;20180831;   10;  13.7;   6.4;    3;   1.1;   6;    3.717;-999;   7.0;  16.5; 1012.41;   17.0;   85.08;   18.8;   15.3;   14.5;eor
        183;20180901;   10;   8.9;   4.3;    3;   0.0;   0;    9.450;-999;   3.5;  15.5; 1019.64;   17.2;   78.54;   19.1;   15.9;   14.0;eor
        183;20180902;   10;  14.5;   5.4;    3;   0.0;   0;    7.967;-999;   4.8;  17.7; 1022.43;   17.9;   86.00;   19.9;   15.7;   13.3;eor
        183;20180903;   10;  14.1;   7.0;    3;   0.0;   0;    9.483;-999;   4.6;  18.7; 1017.30;   18.6;   87.25;   20.3;   17.5;   16.0;eor
        183;20180904;   10;  10.0;   5.2;    3;   0.0;   0;    8.100;-999;   6.3;  17.3; 1014.25;   17.7;   85.17;   19.6;   16.8;   15.0;eor
        183;20180905;   10;   7.7;   3.2;    3;   0.0;   0;   12.383;-999;   3.6;  17.1; 1015.26;   18.2;   82.25;   20.9;   16.2;   13.6;eor
        183;20180906;   10;  12.2;   3.1;    3;   0.0;   0;    9.250;-999;   3.3;  17.8; 1010.73;   18.4;   84.00;   20.8;   16.8;   14.4;eor
        183;20180907;   10;  14.5;   4.1;    3;   0.3;   6;    5.383;-999;   6.6;  18.1; 1006.44;   17.9;   87.38;   21.0;   12.5;   10.7;eor
        183;20180908;   10;  13.0;   6.2;    3;   0.0;   0;   10.667;-999;   3.1;  12.2; 1012.70;   15.6;   70.13;   19.9;   11.5;    9.7;eor
        183;20180909;   10;   6.9;   3.1;    3;   0.0;   6;   11.517;-999;   4.0;  13.1; 1015.83;   17.3;   66.75;   22.0;   13.4;   11.3;eor
        183;20180910;   10;  12.2;   5.2;    3;   0.0;   6;    2.000;-999;   7.8;  14.7; 1014.30;   18.2;   71.00;   22.2;   15.0;   14.1;eor
        183;20180911;   10;  19.3;   8.2;    3;   3.4;   6;    0.000;-999;   7.8;  16.1; 1011.68;   16.3;   87.08;   18.4;   13.3;   13.2;eor
        183;20180912;   10;  13.2;   8.0;    3;   0.4;   6;    0.133;-999;   7.8;  13.9; 1012.75;   15.3;   80.17;   16.7;   13.6;   13.1;eor
        183;20180913;   10;   9.4;   4.2;    3;   0.0;   0;    9.933;-999;   4.1;  11.1; 1015.79;   14.4;   68.29;   17.3;   10.3;    8.4;eor
        183;20180914;   10;   8.9;   4.8;    3;   0.0;   0;   10.317;-999;   6.0;  11.5; 1014.11;   14.9;   68.75;   19.6;   10.7;    8.4;eor
        183;20180915;   10;  17.8;   8.5;    3;   0.0;   6;    6.450;-999;   6.4;  12.4; 1013.43;   15.0;   72.33;   18.5;   12.7;   11.5;eor
        183;20180916;   10;   9.8;   5.5;    3;   0.0;   0;    8.800;-999;   7.2;  12.2; 1016.88;   15.7;   68.50;   19.5;   10.6;    9.2;eor
        183;20180917;   10;  13.0;   6.5;    3;   0.0;   0;    8.533;-999;   6.1;  13.0; 1013.08;   17.5;   65.29;   21.9;   13.2;   12.2;eor
        183;20180918;   10;  10.8;   5.8;    3;   0.0;   0;   11.267;-999;   4.4;  14.3; 1008.91;   20.7;   60.08;   27.4;   15.3;   13.4;eor
        183;20180919;   10;  11.4;   5.7;    3;   0.0;   0;   11.400;-999;   2.3;  16.4; 1010.39;   19.2;   75.04;   24.6;   14.9;   13.5;eor
        183;20180920;   10;  15.2;   6.5;    3;   0.0;   0;    7.433;-999;   5.5;  15.6; 1009.26;   19.9;   67.54;   24.6;   16.3;   15.1;eor
        183;20180921;   10;  28.4;  11.3;    3;   6.5;   6;    5.650;-999;   5.7;  13.8;  999.30;   17.9;   67.50;   26.8;   11.6;   10.8;eor
        183;20180922;   10;  21.9;  12.6;    3;   1.9;   6;    5.283;-999;   6.0;  10.5; 1005.55;   12.9;   70.75;   15.7;   10.1;    8.7;eor
        183;20180923;   10;  16.8;   9.2;    3;   2.9;   6;    3.567;-999;   6.7;   9.9; 1004.58;   12.7;   67.63;   14.3;   11.6;   10.5;eor
        183;20180924;   10;  20.9;   8.6;    3;   9.6;   8;    6.050;-999;   6.4;   8.6; 1014.20;   10.9;   65.96;   13.0;    7.4;    4.8;eor
        183;20180925;   10;  16.9;   6.8;    3;   0.0;   6;    9.250;-999;   5.6;   8.4; 1028.21;   11.3;   63.04;   13.8;    7.6;    5.4;eor
        183;20180926;   10;  25.9;  12.7;    3;   0.0;   6;    0.417;-999;   7.7;  11.2; 1020.52;   12.4;   77.00;   15.0;    8.6;    7.3;eor
        183;20180927;   10;  20.7;  11.2;    3;   0.4;   6;    2.900;-999;   7.5;  15.7; 1015.24;   16.3;   85.21;   19.6;   14.4;   13.5;eor
        183;20180928;   10;  18.1;   8.4;    3;   0.8;   6;    6.850;-999;   5.0;   9.3; 1015.33;   12.3;   64.58;   14.4;   10.2;    7.9;eor
        183;20180929;   10;  13.1;   6.9;    3;   0.0;   0;    5.733;-999;   5.5;   9.3; 1020.28;   11.6;   67.83;   14.0;    9.5;    8.1;eor
        183;20180930;   10;  13.2;   6.8;    3;   0.4;   6;    1.550;-999;   7.5;   9.2; 1010.47;   11.2;   68.96;   15.0;    8.6;    7.5;eor
        183;20181001;   10;  11.2;   4.7;    3;   0.9;   6;    3.250;-999;   6.7;  10.0; 1005.65;   11.7;   72.75;   13.5;    8.6;    6.7;eor
        183;20181002;   10;  25.6;  12.3;    3;   1.8;   6;    0.167;   0;   6.9;   9.5; 1001.78;    9.5;   80.13;   12.0;    7.8;    7.0;eor
        183;20181003;   10;  27.0;  11.8;    3;   1.0;   6;    4.283;   0;   5.7;   9.0; 1006.70;   11.1;   67.83;   12.9;    8.2;    6.7;eor
        183;20181004;   10;  12.9;   6.8;    3;   0.4;   6;    0.917;   0;   6.2;  11.9; 1016.79;   11.5;   86.88;   13.2;    9.9;    8.5;eor
        183;20181005;   10;  12.8;   7.5;    3;   0.0;   0;    5.483;   0;   5.0;  13.0; 1013.59;   14.5;   79.13;   19.4;   12.1;   10.7;eor
        183;20181006;   10;   8.7;   3.8;    3;   1.7;   6;   10.267;   0;   7.0;  12.1; 1004.89;   12.4;   84.50;   16.2;    8.8;    6.9;eor
        183;20181007;   10;  15.0;   4.6;    3;   0.0;   6;    7.833;   0;   6.6;   9.9; 1010.89;    9.7;   81.63;   12.8;    6.7;    4.2;eor
        183;20181008;   10;  11.0;   6.8;    3;   0.0;   0;    4.633;   0;   7.5;   8.9; 1016.70;    9.8;   73.79;   13.8;    6.2;    4.3;eor
        183;20181009;   10;  13.3;   6.4;    3;   0.0;   0;    7.050;   0;   6.9;  10.6; 1016.02;   11.5;   78.08;   16.2;    7.3;    6.2;eor
        183;20181010;   10;   8.9;   4.2;    3;   0.0;   0;    9.567;   0;   4.4;  12.9; 1018.75;   12.7;   87.29;   17.3;    9.3;    6.4;eor
        183;20181011;   10;  13.7;   6.0;    3;   0.0;   0;   10.167;   0;   0.5;  13.9; 1014.96;   14.4;   84.67;   17.8;   13.1;   10.4;eor
        183;20181012;   10;  10.3;   5.9;    3;   0.0;   0;    9.867;   0;   0.1;  13.2; 1016.56;   16.2;   72.00;   19.3;   13.8;   12.5;eor
        183;20181013;   10;  11.3;   6.3;    3;   0.0;   0;   10.200;   0;   0.5;  13.4; 1017.72;   17.5;   67.29;   20.7;   14.5;   12.8;eor
        183;20181014;   10;  13.8;   6.2;    3;   0.0;   0;    9.933;   0;   0.0;  12.5; 1011.23;   15.6;   70.25;   18.2;   13.4;   11.5;eor
        183;20181015;   10;  11.4;   6.5;    3;   0.0;   0;    9.550;   0;   0.5;  11.1; 1010.06;   15.3;   63.50;   18.1;   12.7;   11.2;eor
        183;20181016;   10;   8.7;   4.0;    3;   0.0;   0;    9.567;   0;   0.2;  11.2; 1013.25;   14.7;   66.58;   20.4;   11.6;    9.0;eor
        183;20181017;   10;   6.2;   2.6;    3;   0.0;   0;    9.050;   0;   2.8;  12.6; 1014.64;   14.4;   76.83;   18.2;   11.5;    8.2;eor
        183;20181018;   10;  10.9;   5.3;    3;   0.0;   6;    2.333;   0;   3.3;  11.9; 1016.30;   11.5;   87.29;   13.4;   10.2;    8.3;eor
        183;20181019;   10;   9.8;   3.2;    3;   0.0;   6;    7.100;   0;   4.3;   9.8; 1020.09;   10.1;   78.83;   12.5;    6.9;    4.9;eor
        183;20181020;   10;  12.8;   6.2;    3;   0.1;   6;    0.650;   0;   5.3;  10.2; 1021.08;   11.2;   76.71;   12.5;    9.9;    8.4;eor
        183;20181021;   10;  10.8;   5.3;    3;   2.2;   6;    6.900;   0;   4.8;  11.0; 1021.40;   11.4;   81.79;   15.0;    6.9;    4.8;eor
        183;20181022;   10;  17.9;   9.1;    3;   9.3;   6;    6.133;   0;   5.6;   9.7; 1019.02;   10.9;   73.63;   12.5;    9.2;    8.2;eor
        183;20181023;   10;  26.2;  15.4;    3;   3.3;   6;    2.000;   0;   7.3;  10.6; 1000.15;   10.9;   81.08;   12.8;    7.7;    6.0;eor
        183;20181024;   10;  22.2;   8.7;    3;   2.5;   6;    7.033;   0;   4.6;   7.5; 1006.04;    9.0;   65.79;   10.5;    6.5;    5.3;eor
        183;20181025;   10;  23.4;  12.2;    3;   0.5;   6;    2.417;   0;   7.5;  10.1; 1000.73;   10.9;   77.33;   12.1;    9.3;    8.3;eor
        183;20181026;   10;  15.8;   8.7;    3;   5.8;   6;    0.067;   0;   7.4;  10.1;  996.70;    9.1;   86.96;   10.5;    7.4;    6.3;eor
        183;20181027;   10;  19.2;   8.4;    3;   2.3;   6;    0.083;   0;   7.5;   8.2;  996.86;    6.2;   86.67;    7.8;    4.8;    4.0;eor
        183;20181028;   10;  23.0;  11.1;    3;   2.2;   6;    1.667;   0;   7.5;   7.4; 1013.05;    6.4;   76.67;    8.0;    5.0;    4.0;eor
        183;20181029;   10;  25.4;  12.0;    3;   1.2;   6;    0.000;   0;   7.9;   8.7; 1006.68;    7.4;   84.46;    8.1;    6.4;    5.4;eor
        183;20181030;   10;  21.0;   8.9;    3;   0.5;   6;    3.750;   0;   6.2;  11.1;  990.55;   11.6;   80.92;   16.6;    8.0;    7.4;eor
        183;20181031;   10;  23.8;   9.7;    3;   0.0;   0;    4.917;   0;   6.5;   8.9; 1008.47;    9.6;   74.04;   11.9;    7.7;    4.6;eor
        183;20181101;   10;  10.1;   4.5;    3;   0.0;   0;    4.083;   0;   5.5;  10.9; 1009.84;   10.1;   87.71;   11.2;    8.7;    7.1;eor
        183;20181102;   10;  13.5;   7.7;    3;   0.0;   0;    3.950;   0;   3.5;   9.7; 1013.54;    8.6;   86.96;   12.3;    5.3;    3.6;eor
        183;20181103;   10;   8.0;   4.4;    3;   0.0;   0;    8.567;   0;   1.3;   9.0; 1023.50;    6.9;   90.79;   11.4;    4.0;    2.3;eor
        183;20181104;   10;  12.6;   6.2;    3;   0.0;   0;    1.000;   0;   6.1;  10.3; 1017.76;    9.3;   87.71;   10.4;    7.4;    5.0;eor
        183;20181105;   10;   9.6;   4.4;    3;   0.0;   0;    0.000;   0;   7.9;  11.9; 1010.05;    9.9;   97.29;   10.3;    9.4;    7.9;eor
        183;20181106;   10;  10.2;   4.9;    3;   0.0;   0;    7.583;   0;   2.5;  11.1; 1006.35;   10.8;   85.13;   12.7;    9.5;    8.2;eor
        183;20181107;   10;   8.7;   4.5;    3;   0.0;   0;    7.150;   0;   2.3;  11.3; 1007.00;   10.1;   91.08;   12.1;    7.6;    5.2;eor
        183;20181108;   10;   9.0;   4.4;    3;   0.0;   6;    2.567;   0;   6.4;  11.2; 1014.26;    9.4;   94.46;   12.1;    6.4;    4.4;eor
        183;20181109;   10;   9.6;   3.6;    3;   0.0;   6;    0.000;   0;   8.0;  11.2; 1013.27;    8.8;   98.83;    9.8;    7.4;    7.5;eor
        183;20181110;   10;  12.2;   6.7;    3;   0.0;   6;    0.167;   0;   8.0;  10.6; 1005.68;    8.7;   94.71;   10.3;    7.3;    7.3;eor
        183;20181111;   10;  11.5;   7.2;    3;   1.3;   6;    0.600;   0;   7.6;  10.8; 1005.45;    9.4;   91.79;   10.2;    8.7;    8.2;eor
        183;20181112;   10;  15.3;   6.0;    3;   1.5;   6;    0.000;   0;   7.9;  11.7; 1009.80;   10.3;   93.00;   12.2;    9.2;    7.9;eor
        183;20181113;   10;  16.5;   7.3;    3;   1.2;   6;    0.017;   0;   7.6;  11.3; 1013.76;    9.7;   93.92;   10.4;    8.7;    7.5;eor
        183;20181114;   10;  15.8;   7.8;    3;   0.0;   6;    0.050;   0;   7.8;  10.9; 1021.45;    9.3;   92.63;   10.5;    7.5;    7.0;eor
        183;20181115;   10;  11.4;   5.2;    3;   0.0;   0;    5.250;   0;   4.2;  10.0; 1025.90;    8.7;   89.21;   10.5;    7.7;    7.0;eor
        183;20181116;   10;  13.8;   6.9;    3;   0.0;   0;    7.883;   0;   1.3;   8.0; 1031.57;    7.8;   75.46;    9.2;    5.3;    5.0;eor
        183;20181117;   10;  10.4;   3.9;    3;   0.0;   0;    7.133;   0;   3.8;   7.3; 1035.15;    5.7;   79.33;    7.1;    4.5;    2.0;eor
        183;20181118;   10;  23.5;  11.1;    3;   0.6;   6;    0.000;   0;   7.8;   8.3; 1028.13;    6.8;   83.67;    8.0;    5.1;    3.5;eor
        183;20181119;   10;  23.5;  11.4;    3;   3.6;   6;    0.583;   0;   7.0;   7.7; 1022.61;    6.5;   79.54;    7.5;    4.8;    4.2;eor
        183;20181120;   10;  22.2;   5.9;    3;   0.0;   0;    0.083;   0;   7.3;   6.9; 1018.55;    5.6;   75.33;    6.5;    4.8;    4.1;eor
        183;20181121;   10;  19.6;   5.7;    3;   0.0;   0;    2.983;   0;   5.5;   6.7; 1020.36;    5.0;   77.21;    5.9;    3.1;    2.9;eor
        183;20181122;   10;  13.3;   4.0;    3;   0.0;   0;    0.000;   0;   7.8;   5.8; 1021.60;    2.2;   80.63;    3.5;    0.9;    0.9;eor
        183;20181123;   10;   8.9;   4.3;    3;   0.0;   6;    0.000;   0;   7.9;   6.0; 1017.71;    1.5;   88.17;    2.7;    0.6;    0.8;eor
        183;20181124;   10;   5.4;   2.4;    3;   0.0;   6;    0.000;   0;   8.0;   6.8; 1010.66;    3.3;   87.46;    5.2;    1.8;    1.7;eor
        183;20181125;   10;  14.9;   6.7;    3;   0.0;   6;    0.000;   0;   7.9;   7.6; 1009.89;    5.8;   82.08;    6.6;    4.8;    3.6;eor
        183;20181126;   10;  13.5;   6.8;    3;   0.0;   6;    2.733;   0;   5.3;   6.3; 1011.96;    4.7;   74.00;    6.4;    1.4;   -0.8;eor
        183;20181127;   10;  10.4;   3.6;    3;   0.0;   8;    0.017;   0;   7.4;   5.3; 1018.15;    2.3;   73.75;    3.9;    0.4;   -0.7;eor
        183;20181128;   10;  18.9;   7.2;    3;   0.0;   0;    6.783;   0;   4.7;   5.2; 1023.22;    2.8;   69.63;    4.3;    0.2;   -1.5;eor
        183;20181129;   10;  20.9;  13.4;    3;   0.4;   8;    0.000;   0;   7.9;   4.6; 1014.17;    1.5;   67.17;    2.5;    0.1;   -0.6;eor
        183;20181130;   10;  18.5;  11.8;    3;   0.2;   8;    0.000;   0;   7.5;   5.2; 1008.09;    1.6;   75.38;    2.2;    1.1;   -0.3;eor
        183;20181201;   10;  12.6;   7.9;    3;   0.0;   0;    0.000;   0;   7.8;   7.6; 1006.43;    3.5;   96.58;    5.6;    1.4;    1.0;eor
        183;20181202;   10;  13.1;   8.2;    3;   3.8;   6;    0.000;   0;   7.9;   8.4;  995.47;    5.3;   94.17;    7.9;    4.2;    4.1;eor
        183;20181203;   10;  12.9;   7.5;    3;   6.2;   6;    0.717;   0;   7.6;  11.1;  990.71;    9.1;   95.17;   11.1;    7.5;    6.5;eor
        183;20181204;   10;  20.7;  12.0;    3;   0.0;   0;    5.917;   0;   2.5;   7.2; 1003.45;    6.2;   75.54;    8.7;    4.8;    3.3;eor
        183;20181205;   10;  16.2;   7.9;    3;   1.6;   6;    3.500;   0;   4.1;   7.0; 1018.43;    4.1;   84.79;    6.0;    1.6;   -0.6;eor
        183;20181206;   10;  14.1;   8.7;    3;   5.5;   8;    0.000;   0;   7.8;   7.2; 1008.71;    3.8;   88.75;    7.8;    2.4;    1.8;eor
        183;20181207;   10;  17.7;   8.5;    3;   6.3;   6;    0.000;   0;   7.8;  11.5;  995.15;    9.1;   99.13;    9.8;    7.8;    7.6;eor
        183;20181208;   10;  22.1;  13.0;    3;   3.8;   6;    0.000;   0;   7.6;   8.7;  986.53;    6.5;   89.29;    9.0;    4.4;    3.9;eor
        183;20181209;   10;  19.9;   9.8;    3;   0.1;   6;    0.050;   0;   7.3;   8.5;  982.67;    6.2;   88.96;    7.1;    4.8;    3.4;eor
        183;20181210;   10;  19.5;  10.6;    3;   1.6;   8;    1.200;   0;   6.4;   6.8;  997.37;    5.4;   76.29;    6.0;    4.0;    3.2;eor
        183;20181211;   10;  16.3;   6.8;    3;   0.5;   6;    0.000;   0;   7.4;   6.9; 1008.53;    4.5;   81.54;    5.3;    3.2;    2.7;eor
        183;20181212;   10;  18.6;  11.5;    3;   1.7;   8;    0.867;   0;   7.3;   7.2; 1020.82;    4.6;   85.17;    6.1;    2.5;    2.1;eor
        183;20181213;   10;  17.5;   8.3;    3;   0.9;   8;    0.200;   0;   7.4;   6.6; 1021.20;    3.4;   84.71;    4.3;    1.7;    0.2;eor
        183;20181214;   10;  13.1;   4.6;    3;   0.0;   8;    0.000;   0;   7.9;   5.4; 1023.11;    2.0;   77.13;    3.1;    1.3;    0.1;eor
        183;20181215;   10;  13.5;   4.3;    3;   0.0;   8;    0.000;   0;   7.8;   5.4; 1024.23;    1.4;   79.79;    2.8;    0.1;   -0.4;eor
        183;20181216;   10;  14.0;   6.9;    3;   0.0;   0;    0.067;   0;   6.9;   4.6; 1013.38;    0.9;   69.83;    2.2;   -0.3;   -0.6;eor
        183;20181217;   10;   7.4;   3.7;    3;   0.0;   6;    2.783;   0;   7.4;   4.9; 1015.55;    0.2;   78.50;    1.3;   -0.8;   -1.2;eor
        183;20181218;   10;  11.5;   5.5;    3;   0.0;   6;    0.000;   0;   8.0;   6.9; 1019.28;    2.4;   94.46;    3.4;    1.0;    0.7;eor
        183;20181219;   10;  16.3;   7.9;    3;   1.3;   8;    0.000;   0;   7.8;   6.7; 1012.31;    2.4;   91.75;    3.1;    1.5;    1.4;eor
        183;20181220;   10;   8.2;   4.3;    3;   0.3;   6;    0.000;   0;   8.0;   7.2; 1008.86;    3.0;   95.29;    3.9;    2.1;    1.9;eor
        183;20181221;   10;  14.6;   6.4;    3;  14.5;   8;    0.000;   0;   8.0;   8.2;  999.30;    4.3;   98.00;    5.0;    3.6;    3.0;eor
        183;20181222;   10;  16.3;   4.7;    3;   1.9;   6;    0.000;   0;   7.9;   7.3; 1000.19;    3.1;   94.42;    4.6;    2.4;    1.9;eor
        183;20181223;   10;  14.6;   6.3;    3;   1.3;   8;    0.000;   0;   7.8;   7.3; 1007.83;    3.2;   94.63;    6.0;    0.6;    0.3;eor
        183;20181224;   10;  12.5;   5.7;    3;   0.1;   8;    1.700;   0;   7.6;   5.4; 1017.02;    1.3;   79.25;    4.5;   -1.6;   -2.2;eor
        183;20181225;   10;  17.3;  11.8;    3;   0.0;   0;    2.117;   0;   7.5;   7.8; 1017.69;    5.4;   87.42;    6.1;    4.3;    3.6;eor
        183;20181226;   10;  17.3;   8.8;    3;   0.2;   6;    1.633;   0;   7.5;   8.2; 1017.61;    6.0;   87.63;    7.4;    5.3;    4.8;eor
        183;20181227;   10;  18.2;  12.6;    3;   0.3;   6;    0.000;   0;   7.3;   9.5; 1014.39;    6.4;   98.13;    6.9;    5.9;    5.5;eor
        183;20181228;   10;  14.7;   8.0;    3;   0.9;   6;    2.183;   0;   7.7;   8.6; 1016.48;    6.0;   92.17;    6.4;    5.2;    4.4;eor
        183;20181229;   10;  14.6;   8.9;    3;   5.1;   6;    0.017;   0;   7.8;   9.3; 1014.71;    6.4;   97.08;    6.9;    6.0;    5.7;eor
        183;20181230;   10;  19.1;   8.7;    3;   0.0;   0;    2.533;   0;   5.1;   8.1; 1015.19;    5.3;   90.58;    6.7;    4.0;    2.5;eor
        183;20181231;   10;  21.4;   6.9;    3;   0.7;   6;    0.000;   0;   7.9;   8.2; 1021.26;    5.2;   92.71;    7.1;    3.8;    2.4;eor
        183;20190101;   10;  28.1;  16.5;    3;   0.2;   6;    4.350;   0;   6.7;   7.4; 1004.11;    6.1;   78.46;    7.1;    4.7;    4.2;eor
        183;20190102;   10;  26.6;   8.2;    3;   0.0;   6;    6.350;   0;   2.3;   4.2; 1017.93;    2.9;   55.50;    5.7;    1.5;   -0.2;eor
        183;20190103;   10;  18.2;   5.6;    3;   0.0;   8;    3.067;   0;   5.9;   5.1; 1027.07;    2.8;   67.71;    4.0;    0.9;   -2.0;eor
        183;20190104;   10;  15.2;   8.4;    3;   0.0;   8;    1.300;   0;   7.2;   7.6; 1018.23;    4.3;   91.08;    5.8;    1.9;    0.8;eor
        183;20190105;   10;  13.6;   6.1;    3;   0.0;   0;    1.967;   0;   5.5;   7.5; 1015.02;    4.6;   88.33;    6.1;    2.2;    0.2;eor
        183;20190106;   10;   9.3;   3.6;    3;   0.0;   6;    5.983;   0;   6.7;   5.3; 1022.38;    2.0;   75.75;    4.2;   -0.3;   -2.4;eor
        183;20190107;   10;  16.0;   7.1;    3;   5.3;   6;    0.000;   0;   7.9;   7.6; 1015.73;    3.5;   96.83;    6.1;    1.2;    0.6;eor
        183;20190108;   10;  19.9;  10.1;    3;   5.1;   8;    0.000;   0;   7.4;   7.9;  990.49;    4.5;   93.63;    6.2;    2.3;    1.9;eor
        183;20190109;   10;  21.5;  10.4;    3;   0.3;   8;    0.000;   0;   7.4;   6.1; 1004.70;    2.0;   85.92;    2.6;    1.0;   -0.4;eor
        183;20190110;   10;  12.6;   4.1;    3;   0.3;   8;    0.000;   0;   7.9;   5.2; 1017.15;    0.3;   83.75;    1.3;   -0.8;   -1.5;eor
        183;20190111;   10;  16.0;   8.8;    3;   0.3;   8;    1.117;   0;   7.5;   7.7; 1007.13;    3.8;   94.79;    5.8;    0.6;    0.6;eor
        183;20190112;   10;  17.9;   9.2;    3;   4.7;   6;    0.000;   0;   7.8;   7.7;  999.73;    4.2;   93.67;    5.3;    1.4;    0.8;eor
        183;20190113;   10;  20.3;  11.7;    3;   6.1;   8;    0.000;   0;   7.8;   8.4;  984.07;    5.3;   94.33;    6.7;    4.4;    3.8;eor
        183;20190114;   10;  25.8;  13.5;    3;   0.6;   8;    4.450;   1;   3.4;   4.9;  991.25;    1.9;   69.25;    4.4;   -0.9;   -0.8;eor
        183;20190115;   10;  23.2;  12.6;    3;   6.3;   8;    0.383;   0;   7.0;   7.5;  997.65;    4.3;   89.08;    6.1;    1.9;    0.8;eor
        183;20190116;   10;  18.5;  11.3;    3;   1.6;   8;    0.000;   0;   7.7;   8.6;  995.11;    5.7;   93.67;    6.5;    4.1;    4.0;eor
        183;20190117;   10;  19.8;  10.8;    3;   0.2;   8;    0.733;   0;   7.5;   6.8;  989.16;    3.5;   85.71;    5.1;   -0.5;   -0.6;eor
        183;20190118;   10;  11.7;   6.1;    3;   0.0;   6;    5.100;   0;   4.0;   4.7; 1007.35;    0.9;   72.25;    2.8;   -0.9;   -2.0;eor
        183;20190119;   10;  12.2;   6.0;    3;   0.0;   0;    0.617;   0;   7.3;   6.0; 1013.62;    1.2;   89.79;    2.9;   -1.2;   -1.5;eor
        183;20190120;   10;   9.1;   5.2;    3;   0.0;   0;    0.200;   0;   7.8;   5.3; 1014.71;   -0.9;   92.96;    0.7;   -1.9;   -2.6;eor
        183;20190121;   10;  14.1;   8.6;    3;   4.1;   8;    0.150;   0;   7.8;   5.1; 1012.32;   -1.5;   92.63;    1.3;   -3.0;   -3.3;eor
        183;20190122;   10;  11.3;   6.5;    3;   0.0;   8;    0.000;   0;   7.3;   5.5; 1005.73;   -0.5;   93.17;    1.1;   -1.7;   -3.0;eor
        183;20190123;   10;  13.6;   7.2;    3;   0.0;   0;    5.883;   0;   3.9;   4.0; 1002.59;   -2.4;   78.71;   -0.9;   -3.5;   -4.6;eor
        183;20190124;   10;  11.7;   5.1;    3;   0.0;   7;    3.183;   0;   6.7;   3.8; 1008.97;   -3.3;   78.08;   -1.1;   -5.9;   -5.8;eor
        183;20190125;   10;  10.6;   4.5;    3;   0.1;   8;    0.000;   0;   8.0;   3.5; 1008.24;   -4.5;   79.33;   -3.2;   -5.5;   -5.4;eor
        183;20190126;   10;  10.6;   5.3;    3;   1.7;   8;    0.000;   1;   7.8;   5.1;  996.01;   -1.5;   91.83;    1.1;   -3.5;   -3.7;eor
        183;20190127;   10;  12.2;   7.3;    3;   1.6;   6;    0.000;   0;   8.0;   7.0;  983.02;    2.2;   98.38;    3.0;    1.1;    0.8;eor
        183;20190128;   10;  10.6;   5.1;    3;   0.0;   8;    0.433;   0;   8.0;   6.9;  984.95;    2.5;   94.71;    3.8;    1.2;    0.8;eor
        183;20190129;   10;  12.9;   7.0;    3;   0.0;   6;    2.917;   0;   7.3;   5.6;  994.76;    1.2;   84.38;    2.6;   -0.8;   -2.0;eor
        183;20190130;   10;  17.7;   7.0;    3;   0.0;   0;    1.917;   0;   7.5;   5.5;  997.40;    1.3;   81.83;    2.7;   -1.0;   -2.0;eor
        183;20190131;   10;  15.3;   7.1;    3;   0.0;   0;    0.000;   0;   7.8;   5.2;  996.40;    0.4;   83.25;    1.2;    0.0;   -0.7;eor
        183;20190201;   10;  14.0;   6.2;    3;   0.0;   4;    0.183;   0;   7.5;   5.5;  994.16;    0.9;   84.58;    1.5;    0.1;   -0.1;eor
        183;20190202;   10;  13.0;   6.6;    3;   6.1;   8;    0.000;   0;   7.8;   6.5;  993.20;    1.6;   94.88;    2.4;    0.6;    0.1;eor
        183;20190203;   10;  13.7;   7.4;    3;   0.1;   8;    0.000;   0;   7.2;   6.0; 1007.40;    1.8;   85.75;    2.2;    1.1;    0.1;eor
        183;20190204;   10;  16.5;   8.0;    3;   0.1;   8;    5.133;   0;   4.9;   5.6; 1017.68;    1.4;   83.92;    4.2;   -1.3;   -3.7;eor
        183;20190205;   10;  19.2;  11.7;    3;   0.0;   6;    1.050;   0;   7.5;   6.8; 1015.44;    2.9;   89.25;    4.5;    0.6;    0.1;eor
        183;20190206;   10;  15.1;   8.1;    3;   4.0;   8;    0.050;   0;   7.8;   6.9; 1016.05;    2.8;   92.58;    3.8;    1.8;    1.5;eor
        183;20190207;   10;  16.6;   7.6;    3;   0.9;   6;    0.000;   0;   7.7;   7.0; 1003.91;    3.4;   90.38;    4.3;    2.8;    1.9;eor
        183;20190208;   10;  15.3;   9.9;    3;   0.8;   6;    2.000;   0;   7.7;   7.5; 1002.61;    5.3;   83.71;    7.2;    4.0;    3.3;eor
        183;20190209;   10;  21.6;  11.2;    3;   1.3;   6;    1.217;   0;   7.5;   7.5;  993.36;    6.3;   78.58;    8.8;    4.6;    4.0;eor
        183;20190210;   10;  17.7;   8.0;    3;  11.0;   8;    0.000;   0;   6.8;   7.9;  988.65;    4.9;   91.21;    6.7;    3.4;    2.9;eor
        183;20190211;   10;  20.1;   9.7;    3;   0.0;   6;    0.733;   0;   5.4;   6.5;  997.68;    3.2;   84.21;    4.1;    2.2;    0.6;eor
        183;20190212;   10;  18.0;   8.3;    3;   0.6;   6;    8.100;   0;   5.1;   5.8; 1018.90;    2.6;   78.79;    4.2;    1.8;    0.8;eor
        183;20190213;   10;  20.2;  12.6;    3;   0.1;   6;    1.967;   0;   7.7;   8.6; 1021.38;    5.3;   96.21;    6.5;    3.8;    3.1;eor
        183;20190214;   10;  15.5;   8.6;    3;   0.0;   6;    0.000;   0;   8.0;   8.2; 1027.25;    4.7;   96.21;    5.9;    1.7;    0.5;eor
        183;20190215;   10;  10.6;   6.6;    3;   0.1;   4;    5.350;   0;   4.2;   7.1; 1026.23;    4.1;   87.50;    7.9;    1.6;    0.0;eor
        183;20190216;   10;  13.9;   8.8;    3;   0.0;   0;    8.900;   0;   3.1;   6.9; 1017.86;    6.5;   71.04;   11.1;    3.3;    0.7;eor
        183;20190217;   10;  13.3;   5.9;    3;   0.0;   0;    3.600;   0;   6.9;   9.2; 1017.80;    7.5;   88.54;   10.3;    4.9;    3.7;eor
        183;20190218;   10;   9.2;   5.2;    3;   0.0;   0;    9.050;   0;   4.3;   7.9; 1012.46;    6.5;   82.38;   11.1;    3.0;    1.5;eor
        183;20190219;   10;  19.8;  10.9;    3;   0.5;   6;    0.517;   0;   6.4;   7.7; 1005.19;    5.1;   87.71;    7.6;    2.7;    0.6;eor
        183;20190220;   10;  19.4;  10.8;    3;   8.9;   6;    4.383;   0;   6.5;   8.2; 1011.91;    5.5;   91.25;    7.2;    4.4;    3.7;eor
        183;20190221;   10;  18.8;  10.5;    3;   3.4;   8;    0.000;   0;   7.8;   8.8; 1014.81;    5.5;   97.54;    6.6;    2.2;    1.9;eor
        183;20190222;   10;  18.5;   6.8;    3;   0.0;   0;    7.250;   0;   5.1;   4.9; 1034.48;    1.4;   72.08;    3.5;   -0.1;   -1.6;eor
        183;20190223;   10;  10.2;   6.0;    3;   0.0;   0;    8.267;   0;   3.9;   4.2; 1037.37;    1.6;   62.08;    5.2;   -1.1;   -2.7;eor
        183;20190224;   10;  11.4;   7.2;    3;   0.0;   0;    8.883;   0;   3.5;   6.1; 1032.05;    4.3;   73.29;    8.5;    0.8;   -0.7;eor
        183;20190225;   10;  13.9;   7.9;    3;   0.0;   0;    4.750;   0;   7.1;   7.9; 1029.58;    4.4;   94.50;    7.7;    0.8;    1.5;eor
        183;20190226;   10;  11.1;   5.9;    3;   0.0;   4;    0.900;   0;   8.0;   7.9; 1026.68;    3.8;   97.83;    6.6;    1.2;    0.4;eor
        183;20190227;   10;  16.8;   9.1;    3;   0.0;   0;    9.667;   0;   2.0;   6.9; 1016.91;    6.1;   74.00;    9.9;    2.6;    1.0;eor
        183;20190228;   10;  14.9;   7.8;    3;   0.0;   0;    5.333;   0;   4.9;   7.5; 1004.05;    5.0;   86.42;    7.1;    1.5;    0.4;eor
        183;20190301;    3;   8.5;   3.3;    3;   0.0;   7;    1.250;   0;   7.5;   6.7; 1007.03;    2.0;   94.38;    3.1;    0.8;   -0.3;eor
        183;20190302;    3;  10.7;   6.1;    3;   0.1;   6;    0.283;   0;   6.6;   6.3; 1007.47;    2.1;   88.17;    4.9;   -1.1;   -0.9;eor
        183;20190303;    3;  16.6;   8.9;    3;   5.0;   6;    0.783;   0;   7.7;   8.8;  995.32;    6.2;   92.04;    9.1;    2.7;    1.6;eor
        183;20190304;    3;  31.6;  12.3;    3;   5.3;   8;    0.917;   0;   7.7;   9.2;  980.88;    7.5;   88.38;   10.8;    4.6;    4.4;eor
        183;20190305;    3;  28.1;  15.8;    3;   1.0;   6;    1.267;   0;   7.5;   7.6;  989.83;    5.5;   84.17;    6.5;    3.7;    3.5;eor
        183;20190306;    3;  13.9;   6.7;    3;   3.6;   6;    0.967;   0;   6.3;   7.5; 1000.45;    4.9;   86.08;    7.6;    1.5;   -0.5;eor
        183;20190307;    3;  20.4;   9.2;    3;   0.7;   6;    1.333;   0;   6.4;   8.7;  987.93;    7.3;   85.00;   12.7;    5.6;    4.6;eor
        183;20190308;    3;  23.9;  14.1;    3;   1.5;   6;    5.383;   0;   4.4;   7.2;  993.11;    5.8;   77.75;    7.3;    3.1;    1.9;eor
        183;20190309;    3;  24.9;  12.5;    3;   6.5;   8;    4.750;   0;   6.8;   7.1;  994.03;    4.6;   83.96;    7.3;    2.8;    2.1;eor
        183;20190310;    3;  28.0;  11.8;    3;   1.7;   8;    5.700;   0;   6.5;   6.8;  993.53;    4.6;   80.17;    7.1;    2.2;    0.6;eor
        183;20190311;    3;  13.0;   5.0;    3;   0.0;   0;    4.300;   0;   5.0;   5.9; 1002.77;    2.6;   79.75;    4.9;   -0.6;   -2.4;eor
        183;20190312;    3;  18.7;   7.5;    3;   2.6;   6;    4.017;   0;   4.8;   6.6; 1006.48;    3.8;   81.54;    6.4;   -0.7;   -3.3;eor
        183;20190313;    3;  20.5;  12.1;    3;   2.7;   8;    2.800;   0;   7.0;   7.3;  989.91;    5.7;   80.04;    8.8;    3.7;    2.2;eor
        183;20190314;    3;  17.8;   9.8;    3;   2.1;   8;    1.517;   0;   7.4;   8.1;  987.65;    5.2;   91.25;    8.4;    4.2;    3.4;eor
        183;20190315;    3;  30.3;  12.2;    3;   6.1;   8;    1.300;   0;   7.3;   8.1;  985.84;    5.4;   89.88;    8.7;    3.8;    3.5;eor
        183;20190316;    3;  20.9;  11.1;    3;   5.8;   8;    4.200;   0;   7.2;   7.8;  993.96;    5.4;   87.29;    7.3;    3.6;    3.3;eor
        183;20190317;    3;  21.1;  11.5;    3;   0.2;   6;    2.933;   0;   5.3;   8.1;  989.91;    6.9;   80.83;   10.2;    3.7;    2.5;eor
        183;20190318;    3;  24.9;  12.3;    3;   1.9;   8;    1.767;   0;   7.2;   7.0;  998.50;    4.6;   82.88;    6.6;    2.1;    0.4;eor
        183;20190319;    3;   9.8;   5.3;    3;   0.0;   0;    9.717;   0;   2.4;   6.5; 1017.77;    3.8;   81.71;    6.2;    0.5;   -2.7;eor
        183;20190320;    3;  16.6;   8.8;    3;   0.5;   6;    0.433;   0;   6.4;   8.1; 1023.74;    5.0;   91.38;    8.6;    0.3;   -1.8;eor
        183;20190321;    3;  19.6;  10.8;    3;   0.1;   6;    0.033;   0;   7.9;  10.0; 1025.23;    7.8;   95.08;    9.6;    5.9;    5.5;eor
        183;20190322;    3;  13.1;   4.6;    3;   0.0;   6;    0.233;   0;   7.9;   9.4; 1026.38;    6.8;   95.42;    8.5;    5.5;    5.1;eor
        183;20190323;    3;  13.5;   8.1;    3;   0.0;   0;    3.717;   0;   6.8;   9.0; 1020.73;    6.8;   90.58;    9.1;    4.5;    3.1;eor
        183;20190324;    3;  12.8;   7.1;    3;   1.9;   8;    5.333;   0;   6.6;   7.3; 1018.62;    4.7;   84.83;    7.1;    3.2;    1.6;eor
        183;20190325;    3;  12.8;   6.3;    3;   3.8;   8;    2.717;   0;   4.7;   7.2; 1008.60;    4.0;   89.00;    5.8;    0.3;    0.1;eor
        183;20190326;    3;  17.2;   7.9;    3;   0.0;   6;    6.883;   0;   5.6;   6.7; 1015.68;    4.9;   77.92;    7.1;    3.4;    2.0;eor
        183;20190327;    3;  17.0;   9.6;    3;   0.0;   6;    0.217;   0;   7.2;   8.9; 1020.70;    6.1;   93.04;    8.5;    1.1;   -1.6;eor
        183;20190328;    3;  10.1;   5.8;    3;   0.1;   6;    0.083;   0;   6.7;   9.6; 1025.64;    6.9;   95.92;    8.6;    5.2;    3.9;eor
        183;20190329;    3;  17.2;   8.3;    3;   0.0;   0;    5.417;   0;   5.8;   8.7; 1024.15;    7.4;   85.50;   10.9;    5.0;    2.9;eor
        183;20190330;    3;  14.6;   6.1;    3;   0.0;   0;   10.933;   0;   3.7;   9.2; 1015.35;    9.3;   79.88;   16.1;    2.6;    0.7;eor
        183;20190331;    3;  15.1;   6.6;    3;   0.0;   0;   11.667;   0;   1.8;   6.6; 1017.36;    5.5;   72.46;    7.4;    2.5;   -1.4;eor
        183;20190401;    3;  12.7;   2.7;    3;   0.0;   0;   12.683;   0;   0.0;   5.9; 1022.75;    4.6;   69.04;    7.2;    1.8;   -2.6;eor
        183;20190402;    3;  14.0;   7.4;    3;   0.0;   6;   11.417;   0;   2.1;   6.4; 1010.28;    6.3;   66.58;    9.4;    4.3;    3.1;eor
        183;20190403;    3;  14.1;   5.9;    3;   0.0;   0;    8.717;   0;   7.5;   7.7; 1000.70;    7.8;   72.79;   10.7;    6.1;    4.8;eor
        183;20190404;    3;  12.5;   6.3;    3;   0.0;   0;   11.650;   0;   4.1;   8.1;  997.26;    7.7;   77.00;    9.3;    5.9;    4.6;eor
        183;20190405;    3;  12.3;   6.0;    3;   0.0;   0;   10.467;   0;   2.8;   8.3; 1002.23;    7.3;   81.71;    8.9;    6.0;    5.2;eor
        183;20190406;    3;  10.3;   5.6;    3;   0.0;   0;   11.083;   0;   5.8;   8.6; 1005.66;    7.2;   84.38;    9.0;    5.8;    4.5;eor
        183;20190407;    3;   6.3;   3.7;    3;   0.0;   6;   12.217;   0;   1.5;   8.3; 1005.44;    7.3;   80.92;    9.8;    5.5;    4.1;eor
        183;20190408;    3;  14.1;   6.3;    3;   0.0;   0;   10.850;   0;   2.7;   7.7; 1008.88;    6.1;   82.00;    8.8;    3.6;    2.0;eor
        183;20190409;    3;   9.2;   3.4;    3;   0.0;   6;    8.567;   0;   3.8;   6.4; 1012.87;    4.2;   77.75;    6.8;    2.3;   -0.9;eor
        183;20190410;    3;  12.1;   4.2;    3;   0.1;   8;   12.200;   0;   1.8;   5.8; 1015.91;    4.0;   71.21;    7.3;    1.5;   -2.6;eor
        183;20190411;    3;  13.5;   6.2;    3;   0.0;   8;    2.383;   0;   7.0;   5.7; 1022.14;    3.1;   74.46;    5.4;    1.1;    0.6;eor
        183;20190412;    3;  16.3;   9.8;    3;   0.2;   8;    5.817;   0;   6.3;   5.5; 1024.05;    3.3;   70.83;    5.7;    2.0;    0.2;eor
        183;20190413;    3;  21.8;  12.7;    3;   0.0;   8;    0.700;   0;   7.8;   5.7; 1023.04;    3.4;   72.50;    6.2;    1.7;    1.3;eor
        183;20190414;    3;  19.2;  13.4;    3;   0.0;   0;    6.550;   0;   5.5;   7.0; 1024.55;    5.0;   79.54;    6.6;    3.7;    2.5;eor
        183;20190415;    3;  18.3;  10.5;    3;   0.0;   0;   13.567;   0;   0.6;   6.7; 1026.20;    5.3;   75.00;    8.2;    3.3;    1.5;eor
        183;20190416;    3;  17.1;   6.8;    3;   0.0;   0;   12.383;   0;   1.5;   7.1; 1022.36;    5.9;   75.92;    8.5;    3.4;    1.7;eor
        183;20190417;    3;  12.2;   5.3;    3;   0.0;   0;   13.283;   0;   0.7;   8.1; 1025.94;    6.6;   82.92;    8.7;    4.8;    2.9;eor
        183;20190418;    3;  11.0;   6.0;    3;   0.0;   0;   13.617;   0;   0.0;   8.6; 1029.17;    7.0;   85.58;    9.0;    5.1;    2.8;eor
        183;20190419;    3;   9.9;   5.0;    3;   0.0;   0;   13.800;   0;   0.0;   7.9; 1031.08;    7.2;   78.42;    9.3;    4.4;    0.7;eor
        183;20190420;    3;   5.6;   2.6;    3;   0.0;   0;   13.217;   0;   3.9;   6.5; 1027.90;    8.8;   59.13;   11.9;    4.1;    0.0;eor
        183;20190421;    3;   5.9;   3.0;    3;   0.0;   0;   14.050;   0;   2.2;   5.2; 1019.89;   12.2;   36.21;   16.0;    7.4;    3.1;eor
        183;20190422;    3;  14.8;   5.7;    3;   0.0;   0;   13.883;   0;   0.0;   8.9; 1015.80;    8.6;   79.83;   11.2;    7.0;    5.4;eor
        183;20190423;    3;  20.6;   9.1;    3;   0.7;   6;   12.083;   0;   2.4;   8.8; 1010.12;    9.3;   75.00;   10.9;    7.8;    6.7;eor
        183;20190424;    3;  15.0;   5.3;    3;   1.9;   6;    9.133;   0;   5.3;   9.5; 1004.41;    9.7;   79.46;   11.7;    8.2;    7.2;eor
        183;20190425;    3;  11.5;   5.2;    3;   0.0;   0;   12.017;   0;   2.3;  11.7; 1006.45;   11.7;   85.38;   16.3;    8.8;    7.5;eor
        183;20190426;    3;  14.1;   5.7;    3;  10.0;   8;    6.600;   0;   6.7;  10.9; 1004.87;    9.8;   90.29;   15.8;    7.8;    6.8;eor
        183;20190427;    3;  15.3;   6.5;    3;   0.6;   6;    2.700;   0;   7.7;  10.7; 1005.39;    9.7;   88.83;   12.7;    8.0;    6.6;eor
        183;20190428;    3;  10.9;   3.8;    3;   0.1;   6;    9.867;   0;   7.8;  10.6; 1010.94;   10.5;   83.63;   12.9;    8.5;    6.9;eor
        183;20190429;    3;  13.9;   8.2;    3;   0.0;   0;   13.700;   0;   2.0;   8.9; 1015.82;    8.4;   80.58;   10.2;    5.8;    2.5;eor
        183;20190430;    3;   7.0;   3.3;    3;   0.4;   6;   10.233;   0;   4.5;   7.9; 1013.58;    9.8;   66.17;   13.2;    5.4;    2.3;eor
        183;20190501;    3;  20.4;  10.0;    3;   0.0;   6;    3.867;-999;   7.4;  10.5; 1004.65;    9.6;   88.00;   11.2;    8.6;    7.4;eor
        183;20190502;    3;  22.4;  13.2;    3;   0.2;   6;    1.833;-999;   6.9;   8.9;  995.38;    8.9;   77.38;   10.5;    6.7;    5.7;eor
        183;20190503;    3;  21.5;   9.0;    3;   2.5;   8;    8.050;-999;   4.5;   7.2;  998.66;    6.8;   72.96;    9.8;    1.8;    0.6;eor
        183;20190504;    1;  20.0;   6.6;    1;   0.1;   8;    9.050;-999;   3.4;   6.5;  999.92;    5.6;   71.79;    8.6;    1.1;    0.2;eor
        183;20190505;    1;  11.9;   5.8;    1;   0.0;   6;   12.967;-999;   3.1;   6.6; 1009.27;    7.7;   62.42;   11.4;    4.9;    2.5;eor
        183;20190506;    1;  16.5;   9.6;    1;   0.1;   6;    9.717;-999;   4.0;   7.4; 1008.71;    7.5;   71.33;   10.8;    5.0;    3.7;eor
        183;20190507;    1;  16.4;   9.3;    1;   0.0;   0;   12.117;-999;   2.2;   6.7; 1009.93;    7.0;   67.42;   10.4;    3.5;    0.6;eor
        183;20190508;    1;  15.1;   5.4;    1;   1.5;   6;    8.750;-999;   6.8;   8.6; 1003.25;    9.6;   72.13;   12.6;    5.7;    3.6;eor
        183;20190509;    1;  14.4;   5.5;    1;   0.9;   6;    4.133;-999;   7.9;  11.1;  994.92;   10.5;   87.50;   13.1;    9.2;    6.1;eor
        183;20190510;    1;  12.1;   4.4;    1;   0.0;   6;    6.500;-999;   5.2;  10.8; 1001.28;   10.5;   84.75;   13.7;    7.6;    4.1;eor
        183;20190511;    1;   9.0;   4.5;    1;   0.0;   0;   14.817;-999;   3.0;   8.3; 1009.98;    8.6;   74.75;   10.8;    5.5;    3.9;eor
        183;20190512;    1;  12.7;   5.9;    1;   0.0;   0;   14.100;-999;   2.3;   8.6; 1022.28;    9.0;   74.58;   11.7;    6.2;    3.7;eor
        183;20190513;    1;  12.4;   4.6;    1;   0.0;   0;   14.817;-999;   1.3;   8.9; 1029.62;    9.3;   75.83;   12.9;    6.2;    3.6;eor
        183;20190514;    1;   9.9;   4.0;    1;   0.0;   0;   14.567;-999;   3.0;   7.5; 1029.64;    9.0;   65.63;   12.8;    6.6;    2.2;eor
        183;20190515;    1;  15.9;   6.6;    1;   0.6;   6;   12.517;-999;   3.2;   7.7; 1023.53;    9.6;   64.17;   12.3;    7.1;    2.2;eor
        183;20190516;    1;  22.4;  14.8;    1;   4.3;   6;    0.600;-999;   7.8;   9.6; 1014.63;    9.4;   81.96;   11.0;    8.0;    7.2;eor
        183;20190517;    1;  14.3;   5.8;    1;   7.0;   6;    0.000;-999;   8.0;  11.8; 1008.04;    9.6;   98.88;   11.4;    8.8;    8.8;eor
        183;20190518;    1;  10.3;   5.2;    1;   0.0;   0;    3.383;-999;   7.3;  12.2; 1006.17;   10.2;   97.46;   12.7;    8.7;    8.9;eor
        183;20190519;    1;   9.7;   5.4;    1;   0.0;   0;    0.000;-999;   8.0;  12.4; 1004.10;   10.2;   99.04;   11.3;    9.6;    9.8;eor
        183;20190520;    1;  10.1;   5.5;    1;   5.6;   6;    0.233;-999;   8.0;  12.5; 1001.17;   10.5;   98.08;   12.2;    9.6;    9.9;eor
        183;20190521;    1;   7.7;   2.8;    1;   0.1;   6;    0.183;-999;   7.9;  13.2; 1001.34;   11.6;   96.54;   15.8;    9.7;    9.3;eor
        183;20190522;    1;  13.1;   5.9;    1;   0.0;   6;    0.000;-999;   7.6;  13.2; 1006.53;   11.6;   96.50;   14.1;   10.0;    9.1;eor
        183;20190523;    1;  11.7;   6.0;    1;   0.0;   0;   13.533;-999;   6.5;  10.8; 1011.81;   12.0;   77.88;   16.2;    9.1;    8.1;eor
        183;20190524;    1;  14.6;   7.6;    1;   0.0;   0;   11.117;-999;   6.3;  11.0; 1007.10;   14.6;   67.67;   20.4;   10.1;    9.2;eor
        183;20190525;    1;  16.1;   8.7;    1;   0.0;   6;    6.933;-999;   6.1;  10.6; 1007.59;   11.8;   76.71;   14.8;   10.1;    9.3;eor
        183;20190526;    1;  18.1;   8.6;    1;  13.0;   6;    0.117;-999;   7.8;  13.0; 1002.98;   12.1;   91.13;   14.2;   10.1;    9.7;eor
        183;20190527;    1;  18.8;   9.1;    1;   0.0;   6;    9.967;-999;   5.5;  12.4; 1000.13;   13.6;   79.83;   16.4;   10.1;    8.7;eor
        183;20190528;    1;  13.2;   4.7;    1;   0.0;   0;   10.967;-999;   6.4;  10.5; 1002.83;   11.7;   76.42;   13.1;   10.1;    8.8;eor
        183;20190529;    1;  14.3;   6.5;    1;   0.0;   0;   14.300;-999;   2.6;   7.9; 1015.10;    9.9;   64.96;   12.6;    7.2;    4.7;eor
        183;20190530;    1;  13.1;   7.2;    1;   3.2;   6;    7.967;-999;   7.5;  11.5; 1016.45;   13.4;   73.88;   18.8;    7.7;    6.0;eor
        183;20190531;    1;  15.2;   6.9;    1;   0.0;   6;    1.650;-999;   7.8;  15.4; 1015.47;   14.6;   92.25;   16.4;   12.9;   12.3;eor
        183;20190601;    1;  16.6;   6.8;    1;   0.0;   6;    8.117;-999;   4.8;  14.5; 1014.94;   15.8;   81.00;   20.2;   12.2;   10.5;eor
        183;20190602;-999;-999;-999;    1;   0.0;   0;   13.300;-999;   5.7;  13.5; 1012.70;   13.8;   85.46;   18.6;    9.5;    8.1;eor
